1	9 15 19 23 27 31 35 39
9	43 47 51 55 59
14	63 67 71 75 79 83 87 91 95
23	99 103 107 111 115 119 123 127
31	131 135 140 144 148 152 156 160
39	164 168 172 176 180 184 188 192
47	196 200 204 208 212 216
53	220 224 228 232 236 240 244 248 252 256
63	260 264 268 272 276 280 285 289 293 297
74	301 305 309 313 317 321 325 329 333 337 341 345 349 353 357 361 365 369
92	373 377 381 385 389 393 397 401 405 409 413 417 421 425 430 434
111	438 442 446 450 454 458 462 466 470 474 478 482 486 491 495 499
152	503 507 511
155	515 519 523 527 531 535 539 543 547 551 555 559
174	564 568 572 576 580 584 588 592 596 600 604 608 612 616 620 624 628
191	632 636 640 644 648 652 656 660 664 668 672
202	676 680 684 688 692 696 700 704 708 712 716
213	720 724 728 732 736 740 744
220	748 752 756 760 764 768 772 776 780 784 788 792 796 800 804 808 812 816 820 824
240	828 832 836 840 844 848 852 856 860 864 868 872 876 880 884 888 892 896
