1.A.1	13 19 23 27
1.A.5	33 37 41 45 49 53 57 64 68 72 76 80
1.B.1	90 94 98 102 106 110
1.B.7	114 118 122 126 130 134
1.B.13	138 142 146 150 154 158
1.B.19	165 169 173 180 187 191 195 199 203 207 211 215
1.B.31	219 223 227 231 235 239
1.B.37	243 247 254 258 262
1.B.42	266 270 274 278
1.B.46	282 286 290 294
1.B.50	298 302
1.B.52	308 315 320 324 331 335 339 343 350 354
1.B.55	359 363 370 374 381 388 392 396 400
1.B.64	409 413 417 421 428 435 439 443 447 454 458 462 466 473 477 481 485 489 493 497 502 506 513 518
1.B.68	523 527 531 535 539 543 550 554 558 562 566 570 574 581 585 589 593 598 602 606 610 614 618 622 626 630 634
1.B.84	638 642 646 650 654 658 665
1.B.91	669 673 677 681 685 689 696 701 705 709 713 717 721 725
2.A.1	738 742 746 750 754 758 762
2.A.8	766 770 774 778 782 786 790 794 798 802 806
2.A.19	810 814 818
2.A.22	822 826 830 834 838 842
2.A.28	846 850 854 858 862 866 870 874 878 882 886 890
2.A.40	894 898
2.B.1	907 911 915 919 923 927 931 935 939 943 947 951 955 959 966 970 977 981 985 989 993 997 1001 1005 1009
2.C.1	1018 1024 1028 1032 1036
2.D.1	1045 1049 1053 1057
2.D.5	1061 1065 1069 1073 1077
2.D.10	1081 1085 1089 1093 1097 1101
2.D.16	1105 1109 1113 1117 1121 1125 1129 1133
2.D.24	1137 1141 1145 1149 1153 1157 1161 1165 1169
2.D.33	1173 1177 1181 1185 1189 1193
2.D.39	1197 1201 1205 1209 1213 1217
2.D.45	1224 1228 1232 1236
2.D.49	1240 1244 1248 1252
2.D.53	1256 1260 1264 1268 1272 1276 1280
3.A.1	1293 1297 1301 1305 1309 1313 1317 1321
3.A.9	1325 1329 1333 1337 1341
3.A.14	1345 1349
3.B.1	1358 1362 1366 1370
