A.4	12 16 20 24
A.8	28 32 36 40 44 48 52
A.15	56 60 64 68 72 76 80 84 88 92 96 100 104 108 112 116
A.31	120 124 128 132 136 140 144 148 152 156 160
A.42	164 168 172 176 180 184 188 192 196 200 204 208 212 216 220 225
A.69	229 233 237 241 245 249 253 257
A.77	261 265 269 273 277 281 285 289 293 297 301 305 312 316
A.91	320 324 328 332 336 343 347 354 358 362 366 370 374 378 382
B.1	391 395 399 403 407 411 415 419 423 427 431 435 439
B.14	443 447 451 455 459 463 467 471 475 479 483 487 491 495 499 503 507 511
B.32	515 519 523 527 531 535 539 543 547 551 555 559 563 567 571
C.1	580 584 588 592 596 600 604 608 612 616 620 624 628 632
C.15	636 640 644 648 652 656 660 664 668 672 676 680 684 688
C.29	694 698 705 710 714 718 722 726 730 734 738 742 746 750 754 758 762 766 770 776 780 784 788 792 796 800 804 808
C.56	812 816 820 824
C.60	828 832 836 840 844 848 852 856 860 864 868
