1	9 15 19 23 27 31 35 39 43 47 51
12	55 59 63 67 71 75 79 83 87 91 95 99
24	103 107 111 115 119 123 127 131 135 139 143 147 151 155 159 163 167 171 175 179
44	183 187 191 195 199 203 207 211
52	215 219 223 227
56	231 235 239 243 247 251
62	255 259 263 267
66	271 278 285
69	292 296 300
72	304 308 312
75	319 323 327 331
79	335 342 346 350
83	354 358 362 369 373 383 388 392 396 400
92	404 408 412 416 420 424 428 432 436 440
102	444 448 452 456 460 464 468 472 476 480
112	484 488 492 496 500 504 508 512 516 520
122	524 528 532 539 543 550 557
129	561 565 569 573 577 581 585 589 593 597 601
140	605 609
