1	9 18 22 26 30 37 41 45 52
10	56 60 64 68 72 76 80 84
18	88 92 96 103 107 114 121 125
26	129 133 137 141 145 149 153 157 161
35	165 169 173 177 181 185 189 193 197
44	201 205 212 216 220 227 234 239 243 247 251 255
56	259 263 267 274 278 282 286 290 294
65	298 302 306 310 314 318 322 329 333
74	337 341 348 352 356 360 364 368 372 376
84	383 387 391 395 399 403 407 411 415
93	419 426 430 437 444 448 452
100	456 460 464 468 472 479 483 487 491
109	495 499 503 507 511 515 519 523 527 531 535 539 543 547 551
124	558 562 566 570 574 578 585
131	589 593 597 601 605 609 613 617
139	621 625 629 633 637 641 645 649 653 657 661 665 669 673 677 681 685
156	689 693 697 701 705 709 713 720 724 728 732
167	736 740 744 748 752
