1.A.1	13 17 21
1.A.4	25 29 33 37 41 45 49 53
1.B.1	62 66
1.B.3	70 74 78 82 86 90 94
1.B.10	98 102 106 110
1.B.14	114 118 122 126
1.C.1	135 139
1.C.3	143 147
1.C.5	151 155
1.C.7	159
1.C.8	163 167 171 175 179 183
2.A.1	195 199
2.A.3	203 207 211 215 219
2.A.8	223 229 233 237 241 245
2.A.14	249 253
2.B.1	262
2.B.2	266 270
2.B.4	274 278 282 286 290 294
3.A.1	306 310 314
3.A.4	318 322 326 330 334
3.A.9	338
3.B.1	347 351
3.B.3	355 359 363
3.B.6	367 371
3.B.8	375 379
3.B.10	383 387
3.B.12	391 395
4.A.1	407 413 417 421
4.A.5	425
4.A.6	429 433 437
4.A.9	441 447 451 455
4.B.1	464
4.B.2	468 472
4.B.4	476 480
4.B.6	484
4.B.7	488
4.C.1	497 501 505
5.A.1	517
5.A.2	521 525
5.A.4	529
5.A.5	533 537
5.A.7	541 547
5.A.9	551
5.B.1	560
5.B.2	564
5.B.3	570
5.B.4	574 578
5.B.6	582
6.A.1	594
6.A.2	598
6.A.3	602
6.A.4	606
6.A.5	610
6.A.6	614
6.A.7	618
6.B.1	627 631
6.B.3	635 639
6.B.5	643 647
7.A.1	659 665
7.A.3	669
7.A.4	675
7.A.5	681
7.B.1	690 694
7.B.3	698 704 708
7.C.1	717 723 727
8.A.1	739 743 747
8.A.4	751
8.B.1	760 764 768 772
8.B.5	776 782 786
9.1	796
9.2	800 804 808
9.5	812 816 823
9.8	827 831 835
10.A.1	845
10.A.2	849 855 859 863
10.A.6	867
10.B.1	878
10.B.2	882
10.B.3	886 890
11.1	900
11.2	904 908 912 916
11.6	920 924 928 932 936
12.1	944
12.2	948 954 958 962
12.6	966 970 974 978
13.A.1	988
13.A.2	992
13.A.3	996
13.A.4	1000 1006 1010
13.A.7	1014
13.A.8	1018
13.B.1	1027
14.1	1037 1043
14.3	1047 1051 1055 1059
14.7	1063 1067 1071
15.1	1079 1083
15.3	1087
15.4	1091
15.5	1095
15.6	1099
15.7	1103
15.8	1107
16.1	1115
16.2	1119
16.3	1123
16.4	1127 1131
16.6	1135 1139
17.1	1147
17.2	1151 1155
17.4	1159 1163 1167
17.7	1171
18.1	1179
18.2	1183 1187 1191 1195 1199 1203
19.1	1211
19.2	1215
19.3	1219
19.4	1223
19.5	1227
19.6	1231
20.1	1239
20.2	1243
20.3	1247 1251
20.5	1255
21.1	1263
21.2	1267 1271 1275
21.5	1279
22.1	1287
22.2	1291 1295 1299
23.1	1307
23.2	1311
23.3	1315 1319
24.1	1327
24.2	1331
24.3	1335 1339
25.1	1347 1351 1355
26.1	1363 1367 1371
27.1	1379
27.2	1383 1387
28.1	1395 1399 1403
29.1	1411 1415
30.1	1423 1427
31.1	1435 1439
32.1	1447 1451
33.1	1459 1463
34.1	1471 1475
35.1	1483 1487
36.1	1495 1499
37.1	1507
38.1	1515
39.1	1523
40.1	1531
41.1	1539
42.1	1547
43.1	1555
44.1	1563
