1	9 13 17 21 25 29 33 37 41 45 49 53 57
14	61 65 69 73
18	77 81 85 89 93 97 101 105 110 114 118 122
32	126 130 134 138
36	142 146 150 154
40	158 162 166 170 174 178 182 186 190 194 198 202 206
53	210 214 218 222 226 230 234 238
61	243 247 251 255
135	259 263 267 271 276
150	280 284 288 292 296 300 304 308 312 316 320 324 328 332 336 341 345 349 353 357 361 365 369 373 377 381 385
177	389 393 397 401 405 409 413 417 421 425 429 433 437
190	441 445 449 453 457 461 465
197	469 473 477 482 486 490 494
211	498 502 506 510 514 518 522
218	526 530 534 538 542 546 550 554 558 562
228	566 570 574 578 582 586 590
240	595 599 603 607 611 615 619 623 627 631 635 639
252	643 647 651 655 659
288	664 668 672 676 680 684 688
295	692 696 700 704
299	708 712 716 720 724
304	728 732 736
307	740 744 748 752 756
312	760 764 768 772 776 780 784
319	788 792
331	797 801 805
334	809 813 817 821 825 829 833 837 841 845
344	849 853 857 861 865 869 873 877 881 885
354	889 893 897 901 905 909 913 917 921
363	925 929 933 937 941
368	945 949 953 957 961 965 969 973 977 981 985 989 993 997
382	1001 1005 1009 1013 1017 1021 1025 1029 1033 1037 1041 1045 1049 1053 1057 1061
