1	9 15 19 23 27 31 35 39 43 47 51 55 59 63 67 71 75 79 83 87 91 95 99 103 107 111 115
28	119 123 127 131 135 139 143 147 151 155 159 163 167 171 175 179 183 187 191 195 199 203
50	207 211 215 219 223 227 231 235 239 243 247 251 255 259 263 267 271 275 279 283 287 291 295 299 303 307 311 315 319 323 327 331 335 339 343 347 351 355 359 363
90	367 371 375 379 383 387 391 395 399 403 407 411 415 419 423 427 431 435 439 443 447
111	451 455 459 463 467 471 475 479 483 487 491 495 499 503 507 511 515 519 523 527 531
132	535 539 543 547 551 555 559 563 567 571
142	575 579 583 587 591 595
148	599 603 607 611 615 619 623
155	627 631 635 639 643
160	647 651 655 659 663 667 671
167	675 679 683 687 691 695 699 703 707 711 715 719 723 727 731 735 739
184	743 747 751 755 759 763 767 771 775 779 783 787 791 795 799 803 807 811 815
203	819 823 827 831 835 839 843 847 851 855 859 863 867 871 875 879 883
220	887 891 895 899 903 907 911 915 919 923 927 931 935 939 943 947 951 955
238	959 963 967 971 975 979 983 987 991 995 999 1003 1007
251	1011 1015 1019 1023 1027 1031 1035 1039 1043 1047 1051 1055 1059 1063 1067 1071 1075 1079 1083 1087 1091 1095 1099 1103 1107 1111 1115 1119 1123 1127 1131 1135 1139
284	1143 1147 1151 1155 1159
290	1163 1167 1171 1175 1179 1183 1187 1191 1195 1199 1203 1207 1211 1215 1219 1223 1227 1231 1235 1239 1243 1247 1251 1255 1259 1263 1267 1271 1275 1279 1283 1287
322	1291 1295 1299 1303 1307 1311 1315 1319 1323 1327 1331 1335 1339 1343 1347 1351 1355 1359 1363 1367 1371 1375 1379
345	1383 1387 1391 1395 1399 1405 1409 1413 1417 1424 1428 1432 1436 1440 1444 1449 1453 1457
357	1461 1465 1469 1473 1477 1481 1485 1489 1493 1497 1501 1505 1509 1513 1517 1521 1525 1529 1533 1537 1541 1545 1549 1553 1557 1561 1565 1569 1573 1577 1581
388	1585 1589 1593 1597 1601 1605 1609 1614 1618 1622 1626
399	1630 1634 1638 1642 1646 1650 1655 1659 1663 1667
409	1671 1675 1679 1683
413	1687 1691 1695 1699
417	1703
