1-3	9 13 17 21 25 29 33 37 41 45 49 53 57 61 65
18	69 73 77 84 88 92 96 100 104 108
28	112 116 120 124 129 133 137
37	141 145 149 153 157 161 165 169 173 177 181 185
49	189 193 197 201 205 209 213 217 221 225 229 233
61	237 241 245 249 253 258 262 266 270 274 278 282 286 290 294 298 302 306
80	310 314 318 322 326 330 334 338 342 346 350 354
92	358 362 366 370 374 378 382 386 390 394 398 402 406 410 414 418 422
112	426 430 434 438 442 446 450 454 458 462 466 470 474 478 482 486 490 494 498 502 506 510 514
136-138	519 523 527 531 535 539 543 547 551 555 559 563 567
151	571 575 579 583 587 591 595 599 603 607 611 615 619 623 627 631 635
169	640 645 649 653 657 661 665 669
178	673 677 681 685 689 693 697
