1	9 15 19 23 27 31 35 39 43
10	47 51 55 62 66 70 74 78 82 86
20	90 94 98 102 106 110 114 118 122 126 130 134
32	138 142 146 150 154 158 162 166 170 174 178 182 186 190 194
47	198 202 206 210 214 218 222 226 230 234 238 242
59	246 250 254 258 262 266
65	270 274 278 282 286 290 294 298 302 306 310
76	314 318 322 326 330 334 338
83	342 346 350 354 358 362 366 370 374
92	378 382
94	386 390 394 398 402 406 410 414 418 422 426 430 434 438 442 446 450 454 458
113	462 466 470 474 478 482 486 490 494 498 502 506 510 514 518 522 526
130	530 534 538 542 546 550 554
137	558 562 566 570 574 578 582 586 590 594 598 602 606 610 614 618 622
154	626 630 634 638 642 646 650 654 658
163	662 666 670 674 678 682 686 690 694 698 702 706
175	710 714 718 722 726 730
181	734 738 742 746 750 754 758 762 766 770 774 778
193	782 786 790 794 798 802 806 810 814 818 822 826 830 834 838 842 846 850 854
212	858 862 866 870 874 878 882 886 890 894 898
223	902 906 910 914 918 922 926 930 934
232	938 942 946 950 954 958 962 966 970
241	974 978 982 986 990 994 998 1002 1006 1010
251	1014 1018 1022 1026 1030 1034
