1	9 15 19
4	23 27 31 35
8	39 43 50 55 59 63
13	67 78 85 90 94
17	98 102
19	106 110
21	114 118 122 126 133 137 141 145 149 153 157 161 165
34	169 173 177 181 185 189 193 197 201 210 222 226 230 234 241 245 249 253 257 261 267 273 280 285 289
48	293 297 301 305
52	312 316 320 324 328 332 336 343 348 352
61	356 368 372 376 380 384 392 396 400 404
62	410 414 418 426 433 441 446 453 458 465 469 473 477
68	482 486 490 494 498 502 506 510
76	514 518 522 526 530 534 538 542 546
85	550 554 561 570 574
90	578 582
92	586 590 594 598
96	602 606
98	610 614 618 622 626 631 643 650 654 658 662 666 672 676 680 690
107	695 699 703 707 711 715 719 723 727 734
117	738 742 746
120	750
121	754 758 762 766 773 778
126	782 789 793 797
130	801 805 809 813 817 821
136	825 829 833 837
140	841 845 849 853 857
145	861 865 869 873
148A	880 884 888 892 896 900 904 908 912 916 920
148L	924 928 932 936 940 944 948 952 956 960 964
148W	968 972 976 980 984 988 992 996 1000 1004
148GG	1008 1012 1016 1020 1024 1028 1032 1036 1040 1044
148QQ	1048 1052 1056 1060 1064 1068 1072 1076 1080 1084 1088
149	1093 1097 1104
152	1108 1120 1124 1128 1132 1136 1140 1144 1148 1155 1159 1166
153	1173 1180 1184 1188 1192
158	1196 1203 1207
161	1214 1218
163	1222 1229 1233 1237 1241 1245 1249 1253 1260 1264 1268 1272 1279 1283 1287 1291 1295
175	1300 1304 1311 1321 1325
178	1330 1336 1343 1348
181	1359 1363 1367 1371 1375 1379 1386 1390 1394 1398
187	1403 1409 1416 1423 1430 1434 1439 1443 1449 1456 1463
193	1468 1474 1478 1482 1486 1493 1500
200	1506 1513
201	1520 1527 1534 1538
