1	9 15 19 23 27 31
7	35 39 43 47 51 55
13	59 63 67
16	71 75
18	79 83 87 91 95 99
24	103 107
26	111 115 119 123
30	127 131 135 139 143 147 151 155 159 164 168
41	172 176 180 184 188 192
47	196 200 204 208 212
52	216 220 224
55	228 232 236 240 244 248 252 257 261
64	265 269 273 277 281 285
70	289 293 297
73	301 305 309
76	313 317 321 325
80	329 333 337
83	341 345 349 353
87	357 361 365 369 373
92	377 381 385 389 393 397
98	401 405 409 413
102	417 421 425 429 433 437
108	441 445 449 453 457
113	461 465 469 473 477 481
119	485 489 493 497 501 505
125	509 513 517
128	521 525 529 534 538 542 546
135	550 554 558 562 566
140	570 574 578 582 586 590
146	594 598 602 606 610 614
152	618 622 626 630 634 638 642
159	646 650 654 658 662
164	666 670 674 678
168	682 686 690 694 698 702 706
175	710 714 718 722 726
180	730 734 738 742 746 750 754
187	758 762 766 770 774 778 782 786
195	790 794 798 802
199	806 810 814
202	818 822 826 830 834 838
208	844
