1	9 15 19 23 27 31 35 39
9	43 47 51 55 59 63 67 71 75
18	79 86 90 94 98 102 106 110
26	114 118 122 126 130 137 144
33	148 152 156 160 164 168 173 177 181 185 189
44	193 197 204 209 213 217
49	221 225 229 233 237 241 245 249 253 257 261 265 269
62	275 282 289 296 301 305 312 316 320
68	327 331 335
71	339 346 350 354 358 362 366 373 377 381 385 389
83	393 397 401 405 412 416 420 424 428 432
93	436 440 444
96	448 452 456 460 464 468 472 476
104	480 484 488 492 496 500 504 508 512 516 520 524 528
117	532 536 540 544 548 555 559 563 567 571 575 579 583
