A.1	11 17 21 25 29 33 37 41 45 49 53 57 61 65 69 73
A.17	77 81 85 89 93 97 101 105 109 113 117 121 125 129 133 137 141 145 149 153 157
A.38	161 165 169 173 177 181 185 189 193 197 201 205 209 213 217 221 225 229 233 237
A.58	241 245 249 253 257 261 265 269 273 277 281 285 289 293 297 301 305
A.76	310 314 318 322 326 330 334 338 342 346 350 354
A.88	358 362 366 370 374 378 382 386 390 394 398 402 406 410
A.102	414 418 422 426 430 434 438 442 446
A.111	452
B.112	462 466 470 474 478 482 486 490 494 498 502 506 510 514 518 522 526 530 534 538 542 546
B.134	550 554 558 562 566 570 574 578 582 586 590 594 598 602 606 610 614 618 622 626 630 634 638 642 646 650 655
B.165	660 664 668 672 676 680 684
B.172	688 692 696 700 704 708 712 716 720 724 728 732
B.184	738
B.185	748 752
