A.1	11 17
A.3	21 25 29 33 37 41 45 49 53
A.12	57 61 65 69 73 77 81 85 89 93
A.22	97 101 105 109 113
A.27	117 121 125 129 133 137 141 145 149 153 157
A.38	161 165 169 173 177 181 185 189 193
A.47	197 201 205 209 216 220 224 228 232
A.56	239 243
A.58	247 251 255 259 263 267 271 275 279 283 287
A.69	291 295 299 303 307 311 315 319 323 327
A.79	331 335 342 346 351 355 359 363 367 374 378 382 386 390 394 398
A.93	402 406 410 414 418 422 426 430 434 438 442
A.104	446 450 454 458 462 466 470 474
A.112	480
B.113	490
B.114	496
C.115	506 510 514 518 522 527
C.123	531 535 539 543 547 551 555 559 563 567
C.133	571 575 579 583 587 591 595 599 603 607
C.143	611 615 622 626 630 634 638 642 646 650 654 658
C.155	662 666 670 674 678 682 686 690
C.163	694 698 702 706 710 714 718 722 726 730 734
C.174	738 742 746 750 754 758 762 766 770 774 778
C.185	782 786 790 794 798 802 806 810
C.193	814 818 822 826 830 834 838 842 846 850 854 858 862
C.206	866 870 874 878 882 886 890 894
C.214	898 902 906 910 914 918 925 930
C.221	934 938 942 946
C.225	950 954 958 962 966 970 974 978 982 986
C.235	990 994 998 1002 1006 1010 1014 1018
C.243	1022 1026 1030 1034 1038 1042 1046 1050
C.251	1054 1058 1062 1066 1070 1074 1078 1082 1086
C.260	1090 1094 1098 1102 1106 1110 1114 1118 1122 1126 1130
C.271	1134 1138 1142 1146 1150 1154 1158 1162 1166 1170
C.281	1176
D.282	1186
D.283	1190
D.284	1195 1206 1210 1214
E.292	1218 1222 1226 1230 1234 1238 1242 1246 1250 1254 1258
E.303	1262 1266 1270 1274 1278 1282 1286 1290 1294 1298 1302 1306 1310 1314 1318
E.318	1322 1326 1330 1334 1338 1342 1346 1350 1354 1358
E.328	1362 1366 1370 1374 1378 1382 1386 1390 1394 1398 1402 1406
E.340	1410 1414 1418 1422 1426 1430 1434 1438 1442 1446
E.350	1450 1454 1458 1462 1466 1470 1474
E.357	1480
F.358	1490
F.359	1496
G.360	1506 1510 1517 1522 1529 1534 1538 1542 1546 1550 1554 1558 1562
G.371	1566 1570 1574 1578 1582 1586 1590
G.378	1594 1598 1602 1606 1610 1614 1618 1622 1626 1633 1638 1642
G.389	1646 1650 1654 1658 1662 1666 1670 1674 1678 1682 1686 1690 1694 1698
G.403	1702 1706 1713 1717 1721 1728 1732 1736 1741 1745 1749
G.411	1753 1757 1764 1769 1773 1777 1781 1785 1789 1793
G.420	1797 1801 1805 1809 1813 1817 1824 1829 1833 1837 1841 1845 1849 1853 1857 1861
G.435	1865 1869 1873 1877 1881 1885 1889 1893 1897 1901 1905 1909 1913 1917
G.449	1921 1925 1929 1934 1938 1942 1946 1950 1954 1958 1962
G.460	1966 1970 1974 1978 1982 1986 1990 1994 1998 2002 2006 2010 2014 2018 2022
G.475	2026 2030 2034 2041
G.478	2048
H.479	2058 2062 2066
H.482	2072
I.483	2082 2086 2090 2094 2098 2102 2106 2110 2114 2118
I.493	2122 2126 2130 2134 2138 2142 2146 2150 2154 2158 2162 2166
I.505	2170 2174 2178 2182 2186 2190 2194 2198 2202 2206 2210 2214 2218 2222
I.519	2228
