1	14 19 24 29
5	34 39 44 49 54
10	59 64 69 74 79 84 89
17	94 99 104 109 114 119 124
24	129 134 139 144 149 154 162 167 172
33	177 182 187 192 197 202
39	207 212 217 222 227 232 237 242 247 252 257 262 267
52	272 277 282 287 292 297 302 310 315 320 325 330
64	335 340 345 350
68	355 360 365 370 375 380 385 390 395 400 405 410
80	415 420 425 430 435 440 445 450 458 463
90	470 475 480 485 490 495 500 505 510 515 520
101	525 530 535 540 545 550 555 560 565
110	570 575 580 585 593
115	598 603 608 613 618 623 628 633 638
124	643 648 653 658 663 668 673 678
132	683 688
134	693 698 703 708 713 721 726
141	731 736 741
144	746 751 756
147	761 766 771
150	776 781
152	786 791 796 801 806 811 816 821 826 831 836 841 846 854 859 864 869 874 879 884 889
173	896 901 906 911 916 921 926 931 936 941 946 950 955 960 965 970 975 980 985 990 995 1000 1008
196	1013 1018 1023 1028 1033 1038 1043 1048 1053 1058 1063
207	1068 1073 1078 1083 1088 1093 1098 1103 1108 1113
217	1118 1123 1128 1133 1138 1146 1151 1156 1161
226	1168 1173 1178 1183 1188 1193
232	1198 1203 1208 1213 1218 1223 1228 1233 1238
241	1243 1248 1253 1258 1263 1268 1273
248	1281 1286 1291 1296 1301 1306
254	1311 1316 1321 1326 1331 1336 1341 1346
262	1351 1356 1361 1366
266	1371 1376 1381 1386 1391
271	1396 1401 1406 1411 1416 1421
277	1429 1434 1439 1444 1449 1454 1459 1464 1469
286	1474 1479 1484 1489 1494 1499 1504 1509
294	1514 1519 1524 1529 1534 1539 1544 1549 1554 1559 1567 1572
306	1577 1582 1587 1592 1597 1602 1607 1612 1617
315	1622 1627 1632 1637 1642 1647 1652 1657
323	1662 1669 1674 1679 1684 1689 1694
330	1702 1707 1712 1717 1723 1728 1733 1738 1743 1748 1753 1758 1763 1768 1773
345	1778 1783 1788 1793 1798 1803 1808 1813
353	1818 1823 1828 1833 1838 1843 1851 1856 1861 1866 1871 1876
365	1881 1886 1891 1896 1901 1906 1911
372	1916 1921 1926 1931 1936
377	1941 1946 1951 1956 1961
382	1966 1971 1976 1981
386	1986 1996 2001
392	2008 2013 2018 2023 2028
397	2033 2038 2043 2048 2053 2058 2063 2068
405	2073 2078 2083 2088 2093 2098 2103
412	2108 2113 2118 2123 2128 2133 2138 2143 2148 2153 2161 2166
424	2171 2176 2181 2186 2191 2196 2201 2206 2211 2216
434	2221 2226 2231 2236 2241 2246 2251 2256 2261 2266 2271 2276
446	2281 2286 2291 2296 2301 2306
452	2311 2316 2324 2329 2334
458	2341 2348 2353 2358 2363
463	2368 2373 2378 2383 2388 2393 2398 2403
471	2408 2413 2418 2423 2428 2433 2438 2443 2448 2453 2458
482	2463 2471 2476 2481 2486 2491 2496 2501 2506 2511
492	2516 2521 2526 2531 2536 2541 2546
499	2551 2556 2561 2566 2571 2576 2581 2586 2591 2596 2601 2606 2614 2619
513	2624 2629 2634 2639 2644 2649 2654 2659 2664 2669
523	2674 2679 2684 2689 2694 2699 2704 2709 2714 2719 2724 2729 2734 2739 2744 2749 2757 2762 2767 2772
543	2777 2782 2787 2792 2797 2802 2807 2814
551	2819 2824 2829 2834 2839 2844 2849 2854 2859 2864 2869
562	2874 2879 2884 2889 2897 2902 2907 2912 2917 2922 2927 2932 2937 2942 2947 2952
578	2957 2962 2967 2972 2977 2982 2987 2992 2997 3002 3007 3012 3017
591	3022 3027 3032 3040 3045 3050 3055 3060 3065 3070 3075
602	3080 3085 3090 3095 3100 3105 3110 3115 3120 3125 3130 3135 3140 3145 3150
617	3157 3165 3170 3175 3180 3185 3190 3195
625	3200 3205 3210 3215 3220
630	3225 3230 3235 3240 3245 3250
636	3255 3260 3265 3270 3275 3280
642	3285 3290 3295 3300 3305
647	3310 3318 3323 3328
651	3333 3338 3343 3348
655	3353 3358 3363 3368 3373 3378 3383 3388 3393 3398
665	3403 3408 3413 3418 3423 3428 3433 3438
673	3443 3448 3456 3461 3467 3472 3477 3482 3487 3492 3497 3502 3507 3512 3517
688	3522 3527 3532 3537 3542 3547 3552 3557
696	3562 3567 3572 3577 3582 3587 3592 3600 3605 3610 3615 3620 3625 3630 3635 3640 3645 3650 3655 3660 3665 3670 3675 3680 3685 3690
722	3697 3702 3707 3712 3717 3722 3727 3732
730	3737 3742 3747 3755 3760 3765 3770 3775
738	3780 3785 3790 3795 3800 3805 3810 3815 3820 3825 3830 3835 3840 3845 3850 3855 3860 3865 3870 3878 3883
759	3888 3893 3898 3903 3908 3913 3918 3923 3928 3933 3938
770	3943 3948 3953 3958 3963 3968 3973 3978 3983 3988 3993
781	4001 4006 4011 4016 4021 4026 4031 4036 4041 4046 4051 4056 4061 4066 4071 4076 4081 4086
799	4094 4099 4104 4109 4114
804	4119 4124 4129 4134 4139 4144 4149 4154 4159
813	4164 4169
815	4180 4185 4190 4195 4200
820	4205 4210 4215 4220
824	4225 4230 4235 4240 4245 4250
830	4255 4260 4265 4270
834	4275 4280 4288 4293 4298 4303 4308 4313
842	4318 4323 4328 4333 4338 4343 4348 4353 4358
851	4363 4368 4373 4378 4383 4388 4393 4398 4406 4411 4416 4421
863	4426 4431 4436 4441 4446 4451 4456 4461
871	4466 4472 4477 4482 4487 4492 4497 4502 4507 4512 4517 4522
883	4527 4532 4537 4545 4550 4555 4560 4565 4570
892	4575 4580 4585 4590 4595 4600 4605 4610 4615 4620 4625 4630 4635 4640 4645
907	4650 4655 4660
910	4667 4672 4677 4682 4687 4692 4697 4702 4707 4712 4717 4722 4727 4732 4737
925	4742 4747 4752 4757
929	4762 4767 4772 4776 4781
934	4789 4794 4799 4804 4809 4814 4819 4824 4829 4834
944	4839 4844 4849 4854 4861 4866 4871 4876 4881 4886 4891 4898 4903
957	4908 4913 4918 4926 4931 4936 4941 4946 4951 4956 4961 4966 4971 4976
971	4981 4986 4991 4996 5001 5006 5011 5016 5021 5026 5031 5036
983	5041 5049 5054 5059 5064 5069 5074
990	5079 5084 5089
993	5094 5099 5104 5109 5114 5119 5124 5129 5134 5139 5144 5149 5154
1006	5159 5164 5169 5174 5182 5187 5192 5197 5202
1015	5207 5212 5217 5222 5227 5232 5237 5242 5247
1024	5252 5257 5262 5267 5272 5277 5282 5287 5292 5300 5305
1035	5310 5315 5320 5325 5330 5335
1041	5340 5345 5350 5355 5360 5365 5370
1048	5375 5380 5385 5390 5395 5400 5405 5410 5418 5423
1058	5430 5435 5440 5445 5450 5455 5460 5465 5470 5475 5480 5485
1070	5490 5495 5500 5505 5510 5515 5520 5525 5530 5535 5540 5545
1082	5553 5558 5563 5568 5573 5578
1088	5583 5588 5593 5598 5603 5608 5613 5618 5623 5628 5633 5638
1100	5643 5648 5653 5658 5663 5668 5675
1107	5680 5688 5693 5698 5703 5708 5713 5718 5723 5728 5733
1118	5738 5743 5748 5753 5758 5763 5768
1125	5773 5778 5785 5790 5795 5800 5808 5813 5818 5823 5828 5833 5838 5843 5848 5853 5858 5863
1143	5868 5873 5878 5883 5888 5893 5898 5903 5908 5913 5918 5923
1155	5928 5933 5941 5946 5951 5956 5961 5966 5971 5976 5981 5986 5991 5996 6001 6006 6011 6016 6021 6026 6031 6036 6041 6046 6051 6059 6064
1182	6073 6078 6083 6088 6093 6098 6103 6108 6113 6118 6123 6128 6133 6138 6143 6148 6153 6158 6166 6171 6176
1203	6181 6186 6191 6196 6201 6206 6211 6216
1211	6221 6226 6231 6236 6241 6246 6251 6256 6261 6266 6274 6279 6284
1224	6289 6294 6299 6304 6309 6314 6319 6324
1232	6329 6334 6339 6344 6349 6354 6359 6364 6369 6374 6379 6387 6392 6397 6402 6407
1254	6414 6419 6424 6429
1258	6434 6439 6444 6449 6454 6459 6469
1277	6474 6479 6484 6489 6494 6499 6504 6509
1301	6519 6524 6529 6534 6542 6549
1321	6554 6559 6564 6569 6577
1337	6584 6589 6594 6599 6604 6609 6614 6619 6624 6629 6637 6642 6647 6652 6656 6661 6666 6671
1355	6676 6681 6686 6691 6696 6701 6706
1362	6711 6716
