1	9 15 19 23 27 31 35 39 43 47
11	51 55 59 63
15	67 71 75 79 83 87 91 95
24	100 104 108 112 116 120 124 129 133 137 141
44	146 150 154 158 162 166 170 174 178 182 186 190 194 198 202
59	206 210 214 218 222 226 230 234 238 245 249 253 257
72	261 265 269 273 277 281 285 290 294 298 302 306 310 314 318 322 326 330 334
91	338 342 346 350 354 358 362 366 370 374 378 382 386 390 394 398 402 406 410 414 418
112	422 426 430 434 438 442 446 450 454 458 462 466 470 474 478 482 486
129	490 494 498 502 506 510 514 518 522 526
139	530 534 538 542 546 550 554 558 562 566 570 574 578 582 586 590 594 601 605 609 613
160	617 621 625 629 633 637 641 645
168	649 653 657 661 665 669 673 677 681
177	685 689 693 700 704 708 712 716
185	720 724 728 732 736 740 744 748 752
194	756 760 764 768 772 776 780 784 788 792 796 800
206	804 808 812 816 820 824 828 832
214	836 840 844 848 852 856 860
221	864 868 872 876 880 884 888 892 896 900
231	904 908 912 916 920 924 928 932
239	936 940 944 948 952 956 960 964 968 975 979 983 987 991 995 999 1006
256	1010 1014 1018 1022 1026
262	1031 1035 1039 1043 1047 1051 1055 1059 1063 1067 1071 1075 1079 1083 1087 1091 1095 1099 1103 1107
282	1111 1115 1119 1123 1127 1131 1135 1139
290	1143 1147 1151 1155 1159 1163 1167 1171 1175 1179 1183 1187 1191 1195 1199 1203 1207 1211 1216 1220
