A.1	11 15 19 23 27 31 35 39 43 47
A.11	51 55 59 63 67 71 75 79 83 87 91
A.22	95 99 103 107 111 115
A.28	119 123 127 131 135 139 143 147
B.1	156 160 164 168 172 176 180 184 188
B.10	195 199 203 207 211 215 219 223
B.18	227 231 235 239 243 247 251 255 259 263 267
B.29	271 275
B.31	279 283 287 291
C.1	300 304 308 312 316 320 324 328 333 337 341
C.12	345 349 353 357 361 365
C.18	369 373 377 381 385 389 393 397 401 405
C.28	409 413 417 421 425 429 433 437 441 445 449 454
C.43	458 462 466 470 474
C.48	478 482 486 490 494 498 502 506 510 514 518 522 526 530 534 538 542 546 550
D.1	560 564 568 572 576 580 584 588 592 596 600 604 608
