A.1	11 17 21 25 29 33 37 41 45 49 53 57 61
A.14	65 69 73 77 81 85 89 93 97 101 105
A.25	109 113 117 121 125 129 133 137 141
A.34	145 149 153 157 161 165
A.40	169 173 177 181 185
A.45	189 193 197 201 205 209 213 217 221
A.68	226 230 234 238 242 246 250 254 258 262 266 270 274
A.81	278 282 287 291 296 300 304 308 312 316 320 324 328 332 336
A.96	340 344 348 352 356 360 364 368 372 376 380 384 388 392 396 400 404 408
A.114	412 416 420 424 428
B.1	437 441 445 449 453 457 461
C.1	470 474 478 482 486 490 494 498 502 506 510 514
C.13	518 522 526 530 534
