1	9 15 19 23
5	30 34 38 42 46 50 54 58 62 66
15	70 74 78 82
19	86 90 94 98 102 106
25	110 114 118 122 126 130 134 141 145 149 153 157 161 165 169 173
41	177 181 185 189 193 197 201 205 209 213 217 221 225 229 233
56	237 241 245 249 258 262 269 273 282 286 290 294 298 302
70	306 310 314 318 322 329 333 337 341 345 349 353 357
83	361 365 369 373
87	377 381 385 389
91	393 397 401 405
95	409 413 417
98	421 425 429 433 437
103	441 445 449 453
107	457 461 465
110	469 473 477 481 485 489 493 497 501 505 509 513 517 521 525 529 533 537 544 548 552 556 560 564 568 572 576 580 584
139	588 592 596 600 604 608 615 620 624 628 632 636 640
151	644 648 652 656 660
156	664 668 672 676 680 684 688 692 696
165	700 704 708 712 716 720 724 728 732
174	736 743 747 751 755 759 763
181	767 774 779 783 787 794 798 802 806 810 814 818
192	822 826 830 834 838 842 849 856
200	860 864 871 878 882 886
206	890 894 898
209	902 906 910 914
213	918 922 926 930 934 938 942 946 950 954 958 962 966 970
227	974 978 982 986 990 994 998 1002
235	1006 1010 1017 1024 1028 1032 1036 1040 1044 1048
245	1052 1056 1060 1064 1068 1072 1078 1085 1090 1094 1098 1102
256	1106 1112 1116 1120 1127 1131 1135 1139 1143 1147 1152
261	1158
