1	9 15 19 23 27 31 35 39 43 47 51 58 63 67 74 78 82 86 90 94 98 102 106 110 114
25	118 122 126 130 134 138 142 146
33	150 154 158 162 166
38	170 174 178 182 186 190 194 198 202 206 210 214 218 222 226 230 234 238 242 246 250 254 258 262 266 270 274
65	278 282 286 290
69	294 298 302 306 310 314 318 322 326 330 334 338 342 346 350 354 358 362 366 370 374 378 382 386 390 394 398 402 406 410 414 418 422 426 430 434
105	438 445 452 457
108	461 465 469 473 477 481 485 489 493 497 501 505 509 513 517 521 525 529 533 537 541 545 549 553 557 561
134	565 569 573 577 581 585 589 593 597 601 605 609 613 617 621 625 629 633 637 641 645 649
156	653 657
158	661 665
160	669 673 677 681 685 689 693 697 701 705 709 713 717 721 725 729
176	733 737 741
179	745 749 756 763 767 771 775 782 786 791 795 799 803 807 811 815 819 823 827 831 835 839 843 847 851 855 859 863 867 871 875
208	879 883 887 891 895 899 903 907 911 915
218	919 923 927 931 935 939 943 947 951
227	955 959 963 967 971 975 979 983 987
236	991 995 999 1003 1007 1011
242	1015 1019 1023 1027 1031 1035 1039 1043 1047 1051 1055 1059 1063 1067 1071 1075 1079 1083 1087 1091 1095 1099 1103 1107 1111 1115 1119 1123 1127 1131 1135 1139
274	1143 1147 1151 1155 1159 1163 1167
281	1171 1175 1179 1183 1187 1191 1195 1199 1203 1207 1211 1215 1219
294	1223 1227 1231 1235 1239 1243 1247 1251 1255 1259 1263 1267 1271 1275
308	1279 1283 1287 1291 1295 1299 1303 1307 1311 1315 1319 1323 1327 1331 1335 1339 1343 1347 1351 1355 1359 1363 1367 1371 1375 1379 1383 1387 1391 1395 1399
339	1403 1407 1411 1415 1419 1423 1427 1431
347	1435 1439 1443 1450 1454 1458 1462 1466 1470 1474 1478 1482 1486 1490 1494 1498 1502 1506 1510 1514
366	1520 1524 1528 1532
371	1536 1540
373	1544 1548 1552 1556 1560
378	1564 1568
380	1572 1576 1580 1584 1588 1592 1596 1600 1604
389	1608 1612 1616 1620 1624
394	1628 1632 1636
397	1640 1644 1648 1654 1658 1662 1666 1673 1677 1681 1685 1690 1694 1698 1702 1706 1710 1714 1718
412	1722 1726 1730 1734 1738 1742 1746 1750 1754 1758 1762 1766 1770 1774 1778 1782 1786 1790 1794 1798 1802 1806 1810 1814 1818 1822 1826 1830 1834 1838 1842 1846
444	1850 1854 1858 1862 1866 1870 1874 1878 1882 1886
454	1890 1894 1898
457	1902 1906 1910 1914 1918
462	1922 1926 1930 1934 1938 1942 1946 1950
470	1954 1958 1962 1966 1971 1975 1979 1983 1987 1991 1995 1999 2003 2007 2011 2015 2019 2023 2027 2031 2035 2039 2043 2047 2051 2055 2059 2063 2067 2071
500	2075 2079 2083 2087 2091 2095 2099 2103 2107 2111 2115 2119 2123 2127 2131
515	2135 2139 2143
518	2147 2151 2155 2159 2163 2167 2171 2175 2179 2183 2187 2191 2196 2200 2204 2208 2212 2216
536	2220 2224 2228 2232 2236 2240 2244 2248 2252 2256 2260 2264 2268 2272 2276 2280 2284 2288 2292 2296 2300
557	2304 2308 2315 2322 2329 2336 2343 2347 2351 2355 2359 2363 2367 2371 2375 2379 2383 2387 2391 2395
577	2399 2403 2407 2411 2415 2419 2423 2427 2431 2435 2439
588	2443 2447 2451 2455 2459 2463 2467 2471 2475 2479 2483 2487 2491 2495 2499 2503 2507 2511 2515 2519
611	2524 2528 2532 2536 2540 2544 2548 2552 2556 2560 2564 2568 2572 2576 2580
626	2584 2588 2592 2596 2600 2604 2608 2612 2616 2620 2624
