1	9 17 21 25 29 33 37 41 45 49 53 57 61 65 69 73 77 81 85 89 93 97 101 105 109 113 117 121 125 129 133 137 141 145 149 153 157 161 165
40	169 173 177 181 185 189 193 197 204 208 215 219 226 230 237 244 248 255 262 266 273 282 289 293 297 301 305 309 316 320 324 331 338 342 349 354 361 365 369 373 377 384 389 393 397 401 405 409 413 417 421 425 432 436 441 445 449 453 457
95	461 465 469 473 480 484 488 492 496 500 507 511 523 530 536 540 544 548 552 562 566 571 575 579 583 587 591 595 599 603 610 614 618 622 626 630 634 641 648 655 659 666 670
134	674 678 682 686 693 697 701 708 715 722 729 736 740 744
148	748 752 756 761 765 769 773 777 781 785 789
160	793 797 801 805 812 816 823 827 834 841 845 852 856 860 869 873 880 884 888
179	892 896 900 904 908 912 916
186	925 929 933 940 944 953 960
193	964 968 972 979 983 992 996 1000 1007 1014 1024 1028 1033 1040
205	1044 1048 1055 1062 1069 1076
211	1080 1084 1091 1095 1102 1106 1110 1114 1121 1125 1132 1139 1143
224	1147 1151 1155 1159 1163 1167 1171 1178
232	1182 1186 1190 1197 1204 1211 1218 1225 1232 1241 1248 1252
244	1256 1262 1266 1270 1274 1278 1290 1295 1304 1313 1320 1327 1331 1336 1347 1354 1363 1370
259	1379 1383 1390 1394 1401 1408 1412
266	1416 1420 1424 1428 1432 1439 1448 1452 1461 1465 1469 1473 1480 1484 1488 1495 1499 1503 1513 1517 1522 1529 1533 1539 1543 1547 1559 1563 1567 1574 1583 1594 1601
297	1605 1609 1620 1624 1635 1639 1646 1655 1668 1675 1679
308	1686 1695 1699 1706 1710 1715 1724 1728 1735 1744 1751 1758 1765 1769 1776 1785 1789 1793 1797 1801 1805 1809 1813 1817 1821 1825 1829 1836 1840 1847
335	1851 1855 1866 1870 1879 1883
341	1887 1891 1895 1899 1908 1912 1919 1923 1934 1938 1949 1956 1967 1977 1982
355	1986 1990 1997 2001 2010 2014 2021 2025 2032 2039 2046 2055 2059 2063 2067 2071 2081 2086 2090 2094 2098 2102 2109 2114 2118
378	2125 2131 2135 2139 2143 2147 2151 2155 2159 2163 2167 2171 2175 2179 2183 2187 2191 2195 2199 2203 2208 2212 2216 2220 2224 2231 2238 2242 2246 2250 2257 2264 2268 2272 2276 2283 2287 2294
