22.ll.19-20.19	12 18
22.ll.21-25.21	26 32 36 40 44
22.ll.26-27.26	52 58
22.l.32.32	67
22.l.33.33	75
22.l.34.34	85
22.ll.35-37.35	95 101 105
22.ll.49-50.49	114 120
22.ll.51-52.51	128 132
22.ll.53-61.53	140 144 148 152 156 160 164 168 172
22.ll.62-63.62	180 186
22.ll.64-66.64	194 200 204
22.l.67.67	212
22.l.68.68	222
22.l.69.69	232
22.l.80.80	243
22.l.81.81	253
22.ll.82-84.82	263 267 271
22.l.85.85	279
22.l.86.86	289
22.ll.87-88.87	297 303
22.ll.89-93.89	311 315 319 323 327
22.ll.98-101.98	336 340 344 348
22.ll.127-133.127	357 361 365 369 373 377 381
22.ll.140-145.140	390 396 400 404 408 412
22.ll.146-147.146	420 426
22.ll.148-150.148	434 440 444
22.ll.151-154.151	452 456 460 464
22.ll.159-171.159	473 477 481 485 489 493 497 501 505 509 513 517 521
22.ll.172-175.172	529 535 539 543
22.ll.176-178.176	551 555 559
22.ll.180-182.180	568 572 576
22.ll.183-186.183	584 588 592 596
22.ll.187-188.187	604 610
22.l.189.189	618
22.l.190.190	628
22.ll.191-193.191	638 644 648
22.ll.194-196.194	656 662 666
22.l.197.197	674
22.ll.198-199.198	684 688
22.l.200.200	696
22.ll.201-202.201	704 710
22.ll.203-206.203	718 724 728 732
22.ll.207-208.207	740 744
22.ll.212-213.212	753 757
22.ll.214-215.214	765 771
22.ll.216-217.216	779 785
22.ll.218-223.218	793 797 801 805 809 813
22.ll.224-226.224	821 825 829
22.ll.227-229.227	837 841 845
22.ll.230-232.230	853 857 861
22.ll.233-235.233	869 875 879
22.l.236.236	887
22.ll.237-249.237	897 901 905 909 913 917 921 925 929 933 937 941 945
22.ll.256-270.256	954 958 962 966 970 974 978 982 986 990 994 998 1002 1006 1010
22.ll.271-275.271	1018 1022 1026 1030 1034
22.ll.276-277.276	1042 1046
22.ll.278-279.278	1054 1060
22.ll.280-283.280	1068 1074 1078 1082
22.ll.284-286.284	1090 1096 1100
22.l.287.287	1108
