1	9 15 19 23 27 31 35 39 43 47 51 55
13	59 63 67 71 75 79 83
20	87 91 95 99 103 107 111 115 119 123 127 131 135 139
34	143 147 151 158 162 166 170 174
42	178 182 189 196 203 207 211 215 219 223 227 231 235 239 243 247 251 255
60	259 263 267 271 275 279
66	288 292 296 300 307 311 315 319
74	323 327 331 335 339 343 347
81	351 355 359 366 370 374 378 382 386 390
91	394 398 402 406 410 414 418 422 426 430 437 441 445 449 453 457 461 468
109	472 476 480 484 488 492 496 500 504 508 515 519 523
122	527 531 535 539 543 547 551 555 559 563 567 571 575 579 583 590 594
139	598 602 606 610 614
144	618 622 626 630 634 638 642 646 650 654 658
