1	9 15 19 23 27 31 35 39
9	43 47 51 55 59 63 67 71
17	75 80 84 88 92
28	96 100 104 108 112 116 120 124 128
37	132 136
39	140 144 148 152 156 160 164 168 172 176 183 187
49	192 196 200 204 208 212 216 220 224 228
59	232 236 240 244 248 252 256 260 264 268 275 279 284 288 292 296 300 304 308 312 316 320 324 328 332 336 340 344 348 352 356 360 364 368 372 377 381 385 389 393 397 401 405 410 414 418 422 426 430 434 439 443 447 451 455 459 463 467 471 476 480 484 488 492 496 500 504 508
147	513 517 521 525
157	530 534 538 542 546 550 554 558 562 566
167	570 574 578 582 586 590 594 598 602
176	606 610 614 618 622 626 630 634 638 642
186	646 650 654 658 662 666 670 674 678 682 686 690
198	694 698 702 706 710
203	714 718 725 730 734 738 742
209	746 750 754 758 762
214	766 770 777 782 786 790 794
220	798 802 806 810 814 821
225	826 830 837 842 846 850 854
231	858 862 866 870 874
236	878 882 889 894 898 902 906
242	910 914 918 922 926
247	930 934 941 946 950 954 958
253	962 966 970 974 978
258	982 986 990 994 998 1002 1006
265	1010 1014 1018 1022 1026 1030 1034 1038 1042 1046
275	1050 1054 1058 1062 1066 1070 1074 1078 1082
284	1086 1090 1094 1098 1102 1106 1110 1114 1118 1122
294	1126 1130 1134 1138 1142 1146 1150 1154 1158 1162 1166 1170
306	1174 1178 1182
309	1186 1190 1194 1198 1202 1206 1210 1214 1218 1222
319	1226 1230 1234 1238 1242 1246 1250
326	1254 1258 1262 1266 1270
331	1274 1278 1282 1286 1290 1294 1298 1302 1306
340	1310 1314 1318 1322 1326 1330 1334 1338 1342
349	1346 1350 1354 1358
