A.1	11 17 21 25 29 33 37 41 45 49 53 57
A.13	61 65 69 73 77 81 85 89 93 97 101 105
A.25	109 113 117 121 125 129 133 137 141 145 149 153 157
A.38	161 165 169 173 177 181 185 189 193 197 201
A.49	205 209 213 217
A.53	221 225 229 233 237 241 245 249
A.61	253 257 261 265 269 273 277 281 285 290 294 298 302 306 310 314 318 322 326 330
A.85	334 338 342 346
A.89	350 354 358 362 366 370 374 378 382 386 390 394 398 402 406 410 414 418
A.107	422 426
A.109	430 434 438 442 446 450 454 458 462 466 470 474 479 483 487 491 495 499 503 507 511 515 519 523
A.138	527 531 535 539
A.142	543
B.1	552 558 562 566 570 574 578 582
C.1	591 597 601 605 609 613 617 621 625 629 633 637 641 645
D.1	653 659 663 667
D.5	671 675 679 683
D.9	687 691 695 699 703 707
E.1	716 722 726
