A.1	11 17 21 25 29 33 37
A.8	41 45
A.10	49 53 57 61 65 69 73 77 81 85 89 96 100
A.23	104 108 112 116 120
A.28	124 128 132
A.31	136 140 144 148 152 156 160 164 168 172 176 180
A.43	184 188 192
A.46	196 200 204
A.49	208 212 216 220 224
A.54	228 232 236 240 244 248 252 256 260 264
B.3	274 278 282 286 290 294 298 302 306 310 314 318
C.1	327 331 335 339 343 347
C.7	351 355 359 363 367 371 375 379 383 387 391
D.1	400 406 410 414 418 422 426 430 434 438 442 446 450 454 458
E.1	467 471 475 479 483 487 491 495 499 503 507 511 515 519 523 527
E.17	531 535 539 543
