1.1	11 17
1.3	21
1.4	27
2.1	35
2.2	41 47
2.4	51 55 59
3.1	67 73
4.1	81 87
5.1	95
6.1	105
7.1	115 121
8.1	129 135
9.1	143 149 153 157
10.1	165 171
11.1	179 185 189
12.1	197 203
13.1	211 217 221
14.1	229 233
14.3	237 243
14.5	247 253
14.7	257 263
15.1	271 277
15.3	281 285
16.1	293
16.2	299 303
17.1	311 317
17.3	321 325
17.5	329 335 339
18.1	347 353
18.3	357 363
19.1	371 377
20.1	385 391 395
21.1	403 409
22.1	417 423
23.1	431
24.1	441
24.2	445
24.3	449
24.4	453
24.5	457 463
24.7	467 473
25.1	481 487
26.1	495 501 505
26.4	509 513 517
27.1	525 531 535
28.1	543 549
28.3	553 559
28.5	563 569
29.1	577
29.2	583
30.1	591 595
30.3	599
31.1	609
31.2	615 621 625 629 633
32.1	641 647 651 655 659
33.1	667
33.2	671 677
34.1	685 691 695
35.1	703 709
36.1	717 723 727 731
36.5	735 741 745 749 753
36.10	757 763 767 771
37.1	779
38.1	789
39.1	799 805 809 813 817 821 825 829
40.1	837 843 847 851
41.1	859
41.2	865
42.1	875 881 885
43.1	893 899
43.3	903
44.1	913 919
45.1	927 933
46.1	941
47.1	951 957
48.1	965
49.1	975 981
50.1	989 995
51.1	1003 1009
51.3	1013 1019 1023
52.1	1031
53.1	1041 1047 1051
54.1	1059 1065
55.1	1073
55.2	1079
56.1	1089 1095
57.1	1103 1109 1113
58.1	1121
59.1	1131 1137 1141
60.1	1149 1155
61.1	1163 1169
62.1	1177 1183 1187 1191 1195
63.1	1203 1209 1213 1217 1221
64.1	1229 1235
65.1	1243
66.1	1253 1259 1263
67.1	1271 1277 1281
68.1	1289 1295
69.1	1303 1309
70.1	1317 1323
71.1	1331 1337
72.1	1345 1351 1355
73.1	1363 1369
73.3	1373 1379 1383
74.1	1391 1397 1401
75.1	1409 1415
76.1	1423
76.2	1427
76.3	1431
76.4	1435 1441 1445
76.7	1449
76.8	1453
76.9	1457 1461
76.11	1465
76.12	1469 1473
76.14	1477 1481
76.16	1485
76.17	1489
76.18	1493
76.19	1499
76.20	1503
76.21	1507
77.A.1	1518 1522 1526 1530 1534 1538 1542 1546 1550 1554 1558
77.B.1	1567
77.B.2	1571
77.B.3	1577
77.B.4	1583 1587 1591
78.1	1602 1606 1610 1614 1618 1622 1626 1630 1634 1638
79.1	1646 1650 1654 1658 1662 1666 1670 1674 1678
80.1	1686 1690 1694 1698
80.5	1702 1706 1710 1714 1718
81.1	1726
81.2	1730 1734 1738 1742
81.6	1746 1750 1754 1758
82.1	1766 1772 1776 1780 1784 1788 1792 1796
83.1	1804 1810 1814 1818 1822 1826 1830 1834
84.1	1842 1848
84.3	1852 1858
84.5	1862 1868
84.7	1872 1878
85.1	1886 1890 1894 1898 1902 1906 1910
86.1	1918 1922 1926 1930 1934 1938
87.1	1946 1950 1954 1958 1962 1966
88.1	1974 1978 1982
88.4	1986
88.5	1990 1994
89.1	2002 2006 2010 2014 2018
90.1	2026 2030 2034 2038 2042
91.1	2050 2054 2058 2062 2066
92.1	2074 2078 2082 2086 2090
93.1	2098 2104 2108 2112 2116
94.1	2124 2130 2134 2138
95.1	2146 2150 2154 2158
96.1	2166 2170 2174 2178
97.1	2186 2192 2196 2200
98.1	2208 2212 2216 2220
99.1	2228 2232
99.3	2236 2240
100.1	2248 2252 2256
101.1	2264 2268 2272
102.1	2280 2284 2288
103.1	2296 2302 2306
104.1	2314 2318 2322
105.1	2330 2334 2338
106.1	2346 2352 2356
107.1	2364 2368 2372
108.1	2380 2384 2388
109.1	2396 2402 2406
110.1	2414 2418 2422
111.1	2430 2434 2438
112.1	2446 2450 2454
113.1	2462 2468 2472
114.1	2480 2484 2488
115.1	2496 2500 2504
116.1	2512 2516 2520
117.1	2528 2532
118.1	2540 2544
119.1	2552 2556
120.1	2564 2568
121.1	2576 2580
122.1	2588 2592
123.1	2600 2604
124.1	2612 2616
125.1	2624 2630
126.1	2638 2642
127.1	2650 2656
128.1	2664 2668
129.1	2676 2682
130.1	2690 2694
131.1	2702 2706
132.1	2714 2718
133.1	2726 2730
134.1	2738 2744
135.1	2752 2756
136.1	2764
136.2	2768
137.1	2776 2780
138.1	2788 2792
139.1	2800 2804
140.1	2812
140.2	2816
141.1	2824 2828
142.1	2836 2840
143.1	2848 2852
144.1	2860 2864
145.1	2872
146.1	2880
147.1	2888
148.1	2896
149.1	2904
150.1	2912
151.1	2920
