A.1	11 17 21 25 29 33 37 41 45 49 53 57 61 65 69 73 77 81 85
A.20	89 93 97 101 105 109 113 117 121 125 129 133 137 141 145
A.35	149 153 157 161 165 169 173 177 181 185 189 193
A.47	197 201 205 209 213 217 221 225 229 233 237 241
A.59	245 249 253 257 261 265 269 273 277 281 285 289
A.71	293 297 301 305 309 313 317 321 325 329 333 337 341 345 349 353
A.87	357 361 365 369 373 377 381 385 389 393 400 404 408 412 416 420 424 428 432 436 440 444 448 452 456 460 464 468 472 476 480 484 488 492 496 500
A.123	504 508 512 516 520
A.128	524 528 532 536 540
A.133	544 548 552 556 560 564 568 572
A.141	576 580 584 588 592 596 600
A.148	604 608 612
A.151	616 620 624 628 632 636 640 644 648 652 656 660 664 668 672 676 680 684 688 692
A.171	696 700
A.173	704 708 712 716 720 724 728 732 736 740
A.183	744 748 752 756 760 764 771 776 780 784 788 792 796
A.197	800 804 808 812
A.201	816 820 824 828 832 836 840 844 848 857 871 875 879 883
A.215	887 891 895 899 903 907 911 915 919 923 927
A.226	931 935
A.228	939 943 947 951 955 962 966 971 975 979 983 992 996 1000
A.240	1004 1008 1012 1016 1020 1024 1028 1032 1036 1040 1044 1048 1052 1056 1060 1064 1068 1072 1076 1083 1087 1091 1095 1099
A.264	1103 1107 1111 1115 1119 1123 1127 1131 1135 1139 1143 1147
A.276	1151 1155 1159 1163 1167 1171 1175 1179 1183 1187 1191 1195 1199 1203 1207 1211 1215 1219 1223 1227 1231 1235 1239 1243
A.300	1247 1251 1255 1259 1263 1267 1271 1275 1279 1283 1287 1291 1295 1299
A.314	1303 1307 1311 1315 1319 1323 1327 1331 1335 1339 1343 1347 1354 1358
A.326	1363 1367 1371 1375 1379 1383 1387 1391 1395 1399 1403 1407 1411 1415 1419 1423 1427 1431 1435 1439 1443 1447 1451 1455 1459
A.351	1463 1467 1471 1475 1479 1483 1487 1491 1495 1499
A.361	1503 1507 1511 1515 1519 1523 1527 1531 1535 1539
A.371	1543 1547 1551 1555 1559 1566 1570 1574 1578 1582 1586 1590 1594 1598 1602 1606 1610 1614 1618 1622 1626 1630 1634
A.394	1638 1642 1646 1650 1654 1658 1662 1666 1670 1674 1678 1682 1686 1690 1694 1698 1702 1706 1710 1714 1718 1722 1726 1730 1734 1738 1742 1746 1750 1754 1758 1762 1766 1770 1774 1778 1782 1786 1790
A.433	1794 1798 1802 1806 1810 1814 1818 1822 1826 1830 1834 1838 1842 1846 1850 1854 1858 1862 1866 1870 1877 1881 1888 1892 1896 1903 1907 1911 1915
A.462	1919 1923 1927 1934 1938 1942 1946 1950 1954 1958 1967 1971 1975 1979 1983 1987 1991 1995 1999 2003 2007 2011 2015
A.485	2019 2023 2027 2031 2035 2039 2043 2047 2051 2055 2059 2063 2067 2071 2075
B.1	2084 2090 2094 2098 2102 2106 2110
