A.1	11 17 21 25 29 33 37 41 45 49 53 57 61 65 69 73
A.17	79
B.18	89
B.19	95
C.20	105 109 113 117 121 125 129 133 137 141 145 149 153 160 165
C.34	171
D.35	181 185 189 193 197 201 205 209 216 220 224 229
D.44	238
E.45	248 252 256 260 264 268 272 279 283 287 291 295 299 303
E.59	309
F.60	319 323 327 331 335 339 343 347 351
F.69	360
G.70	370 374 378 382 386 390 394 398 402 406 410 414
G.82	418 422 429 436 441 445 449
G.88	458
H.89	468 472 476 480 484 488 492 496 503 507 511 515 519 523 527 531 535
H.106	539 543 547 551 555
H.111	561
I.112	571 575 579 583 587 594 599 603 607 611 615
I.122	619 623 627 631 635
I.127	641
J.128	651 655 659 663
J.132	672
K.133	682
K.134	688
L.135	698 702 706 710 714 718 725 729 733 738
L.142	742 746 750 754 758 762 766 770
L.150	777 781 785 789 793 797 801 805 812 817 821 825 829 833
L.163	840 844 848 852 856
L.168	862
M.169	872 876 880 884 888 895 899 903 907 911 915 919
M.181	923 927 931 935 942 946
M.187	950 957 962 966 970 977 981 985 989
M.195	993 997 1001 1005 1009 1013 1017 1024
M.203	1028 1032 1036 1040 1044 1048 1052 1056 1060 1064 1068 1072 1076 1080
M.217	1084 1088 1092 1096 1100 1104
M.223	1108 1112 1116
M.226	1125
N.227	1135 1139
N.229	1145
N.230	1155
