1.A.1	13 17 21 25 29 33 37 41
1.A.9	45 49 53 57 61 65 69 73 77 81 85 89 93 97 101 105 109 113
1.A.27	117 121 125 129 133 137 141 145 149 153 157 161 170 174 178 182 186
1.A.44	190 194 198 202 206 210 215 219 223 227 231 235 239 243 247 251 255 259 263 267 271 275 279
1.A.74	283 287 292 296 300 304 308 312 316 320 324 328 332 336 340 344 348 352 356 360 364 368 372 376 380 384 388 392
1.A.103	396 400 404 408 412 416 420 424 428 435 439
1.A.114	443 447 451 455
1.A.118	459 463 467 471 475 479
1.A.124	483 487 491 495 499 503 507 511 515 519 524 528
1.A.137	532 539 543 550 554 561 565 569 573
1.A.146	580 584 588 592 596 600 604 608 612 616
1.A.156	620 624 628 632 636 640 644 648 655 659 663 668 672 676 680
1.B.1	689
2.B.1	699 705 709 713
2.B.5	717 721 725 729 733 737 741 745 749 753
2.B.15	757 761 765 769 773 777 781 785 789 793 797 801 805 809 813
2.B.30	817 821
