1.A.A.1	15 19 23 27 31 35 39 43 47 51 55 59 63 67 71 75 79 83 87 91 95 99 103 107 111 115 119 123 127 131
1.B.B.1	144 148 152 156
1.B.B.5	162
1.B.C.6	172 176
1.B.C.8	182
1.B.D.9	192 196 200 204 208 212 216 220 224 228 232 236 240 244 248 252 256 260 264 268 272 276
1.C.E.1	289 295 299 303 307 311 315 319 323
1.D.F.1	336 342 346 350 354 358 362 366 370 374 378 382 386 390 394 398 402 406
2.A.1	422 426 430 434 438 442 446 450 454 458 462 466 470 474 478 482 486 490 494
2.A.20	498 502 506 510 514 518 522 526 530 534 538 542 546 550 554 558
2.A.36	562 566 570 574 578 582 586 590 594 598
2.A.46	604
2.B.47	614 618
2.B.49	624
2.C.50	634 638 642 646 650 654 658 662 666 670 674 678 682 686 690
2.C.65	696
2.D.66	706 710 714 718
