1.A.A.5	17 21 25 29 33 37
1.A.A.11	41 45 49 53 57 61 65 69
1.A.A.19	73 77 81 85 89 93 97 101
1.A.A.27	107
1.A.B.28	117
1.A.B.29	123
1.A.C.30	133 137 141 145 149 153 157 161
1.A.C.39	166 170 174 178 182 186 190 194 198
1.A.C.48	204
1.A.D.49	214
1.A.D.50	220
1.A.E.51	230 234 238 242 246 250 254
1.A.E.58	258 262 266 270 274 278 282 286
1.A.E.66	290 294 298 302 306 310 314 318
1.A.E.74	324
1.A.F.75	334 338
1.A.F.77	344
1.A.G.78	354 358 362 366 370 374 378 382 386 390 394 398 402 406 410 414 418 422 426 430 434 438
1.B.G.1	451
1.B.G.2	457
1.B.H.3	468
1.B.H.4	474
1.B.I.5	484 488 492 496 500
1.B.I.10	504 508 512 516 520 524
1.C.J.1	538 544 548 552 556 560 564 568
1.C.J.9	572 576 580 584 588 592 596 600 604 608 612 616
1.C.J.21	620 624 628 632 636
1.C.J.26	640
1.C.J.27	646
1.C.K.28	656
1.C.K.29	662
1.C.L.30	672 676 680 684 688 692 696
1.C.L.37	700 704 708 712 716 720 724 728
1.C.L.45	732 736 740 744 748 752 756 760
1.C.L.53	766
1.C.M.54	776
1.C.M.55	782
1.C.N.56	792 796 800 804
2.A.A.1	820 824 828 832 836
2.A.A.6	840 844
2.A.A.8	848 852 856 860 864 868 872
2.B.A.1	886 890 894 898 902 906
2.B.A.7	912
2.B.B.8	922
2.B.B.9	928
