1	9 15 19 23
5	27 31 35 39 43 47 51 55 59 63 67 71 75 79 83 87 91
22	95 99 103 107 111 115 119
29	123 127 131 135 139
38	144 148 152 156 160 164 168 172 176 180 184 188 192
51	196 200 204 208 212 216
57	220 224 228 232 236 240 244 248 252 256
67	260 264 268 272
71	276 280 284 288
78	293 297 301 305 309
83	313 318 322 326 330
90	335 339 343 348 352 356
96	360 364 368
99	372 376 380 384 388 393
109	397 401 405 409 413 417 421
129	426
130	430 434 438 442 446
135	450 454
137	458 462 466 470 474
142	478 482 486 490 494 498
148	502 509 513 517 521 525 529 533 537 541 545
163	550 554 558 562
167	566 570
