1	9 13 17 21 25 29 34 39 43 47 51 55 59 64 68 72
26	76
27	80 84 88 95
31	99 103 107 111 115 119
37	123 130 134 141
41	148 152 156 160 164
65	169 174 178 182 186
71	190 194 198
74	202 206
76	210 214 218 222 226
81	230 234 238 242 246 250 254 258 262
90	266 270 274 279 283 287 291 295
98	299 303 307 311 315 319 323 327 331 335 339 343 347
111	351 355 359 363 367 371 375 379 383 387 391 395 399 403 408
137	412 416 420 424 428 432 436 440 444 448 452 456 460
150	464 468 472 476 480
155	484 488 492 496 500 504 508
162	512 516 520 524
166	528 532 536 540 544 548 552 556
174	560 564 568
177	574
