1	9 15 19 23 27 31 35 39 43 47
11	51 55 59 63 67 71 75
18	79 83 87 91 95 99 103 107 111 115 119
29	123 127 131 135 139 143 147 151 155 159
39	163 167 171 175 179 183 187 191 195 199
49	203 207 211 215 219 223 227 231 235 239 243
60	247 251 255 259 263 267 271 275 279 283 287 291 295
73	299 303 307 311 315 319 323
80	327 331 335 339 343 347 351 355 359 363 367
91	371 375 379 383 387 391 395 399
99	403 407 411 415 419 423 427 431 435 439
109	443 447 451 455 459 463
115	467 471 478 482 486 490 494 498 502 506 513 517 521 525 529 533 537
132	541 545 549 553 557 561 565 569 573 577 581
155	586 590 594
158	598 602 606 610 614 618 622 626 630 634 638
169	642 646 650 654 658
174	662 666 670 674 678 682 686 690
182	694 698 702 706 710 714
197	719 723 727 731 735 739
203	743 747 751 755 759 763
209	767 771 775 779 783 787 791 795 799 803
219	807 811 815 820
243	824 828 832 836 840 844 848 852 856 860 864
254	868 872 876 880 884 888 892 896 900 904
264	908 912 916 920 924 928 932 936
272	940 944 948
