A.1	11 17 21 25 29 33 37 41 45 49 53 57 61 65 69 73 77
A.18	81 85 89
A.21	93 97 101 105 109 113 117 121 125 129 133
A.32	137 141 145
A.35	149 153 157 161 165 169 173 177 181 185 189 193 197 201 206
A.50	210 214 218
A.53	222 226 230 234 238 242 246 250 254 258 262 266 270 275 279
A.76	283 287 291 295 299 303
A.82	307 311 315
A.85	319 323 327 331 335 339 343 347 351 355 359 363 367 371 375 379 383 387 391 395 399 403 407 411 415 419 423
A.112	427 431 435
A.115	439 443 447 451 455 459 463 467 471 475 479 483 489 493 497 501 505 509 513 517 521 525 529 533 537 541
A.143	545 549 553
A.146	557
B.1	566 570 574 578 582 586 590 594 598 602 606 610 614 618 622 626
B.17	630 634 638
B.20	642 646 650 654 658 662 666 670 674 678 682 686 690 694 698 702 706 710 714 718 722 726 730 734 738 742 746 750 754 758 762 766 770 774 778 782 786 790 794 798 802 806 810 814 818 822 826 830 834 838 842 846
B.72	850 854 858
B.75	862 866 870 874 878 882 886 890 895 899 903 907 911 915 919 923 927 931 935 939
B.102	944 948 952 956 960 964 968 972 976
C.1	985 989 993 997 1001 1005 1009 1013 1017 1021 1025 1029 1033 1037
