A.1	11 17 21 25 29 33 37 41 45 49 53
A.12	57 61 65 69 73 77 81 85 89 93
A.22	97 101 105 109 113 117 121 125 129 133
A.32	137 141 145 149 158 162 166 170 174 178
A.42	182 186 190 194 198 202 206 210
A.50	216
B.51	226
B.52	232
C.53	242 246 250 254 258 262 266 270 274
C.62	278 282 286 290 294 298
C.68	302 306 310 314 318 322 326 330
C.76	336
D.77	346
D.78	352
E.79	362 366 370 374 378 382 386
E.86	390 394 398 402 406 410 414 418 422
E.95	426 430 434 438 442 446 450 454
E.103	458 462 466 470 474 478 482 486 490 494
E.113	500
F.114	510 514
F.116	520
G.117	530 534 538 542 546 550 554 558 562 566
G.127	570 574 578 582 586 590 594 598 602
G.136	608
H.137	618
H.138	624
I.139	634 638 642 646 650 654 658 662 666 670 674
I.150	678 682 686 690
I.154	696
J.155	706
J.156	712
K.157	722 726 730 734 738 742 746 750 754 758
K.167	762 766 770 774 778 782 786 790 794 798 802
K.178	808
L.179	818
L.180	824
M.181	834 838 842
M.184	846 850 854 858 862 866 870 874 878
M.193	882 886 890 894 898 902 906 910
M.201	914 918 922 926 930 934 938 942 946 950
M.211	956
N.212	966
N.213	972
O.214	982 986 990 994 998 1002
O.220	1006 1010 1014 1018 1022 1026 1030 1034
O.228	1038 1042 1046 1050 1054 1058 1062 1066
O.236	1070 1074 1078 1082 1086 1090 1094 1098
O.244	1104
P.245	1114
P.246	1120
Q.247	1130 1134 1138 1142 1146 1150 1154 1158
Q.255	1164 1171 1176 1180 1184 1188 1192 1196
Q.262	1202
R.263	1212 1216 1220 1224 1228 1232 1236 1240 1244 1248 1252 1256
R.275	1260 1264 1268 1272 1276 1280 1284 1288
R.283	1294
S.284	1304 1308 1312 1316 1320 1324 1330 1337 1344 1351 1356 1360 1364 1368
S.296	1374
T.297	1384 1388 1392 1396 1400 1404 1408
T.304	1412 1416 1420 1424 1428 1432 1436 1440 1444 1448 1452
T.315	1456 1460 1464 1468 1472 1476 1480 1484
T.323	1490
