1	9 15 19 23 27 31 35 39 43 47 51 55 59 63 67 71
17	75 79 83 87 91 95 99 103 107 111 115 119 123 127 131
32	135 139 143 147 151 155
38	161 165 169 173 177 181 185 189 193 197 201 205
50	209 213
52	217 221 225 229 233 237 241 246
61	250 254 258 262 266 270 274 278 282 286 290 294 298 302 306 310 314 318 322 326
81	330 334 338
84	342 346
86	350 354 358
89	362 366 370 374 378 382 386 390 394 398 402
100	406 410 414 418 422 426 430 434 438 442 446 450 454 458 462 466 470 474 478 482 486 490 494
123	498 502 506 510 514 518 522 526
131	530 534
133	538 542 546 550 554 558 562
140	566 570 574 578 582 586 590 594 598 602 606 610 614 618 622 626 630 634 638 643 647
162	651 655 659 663
166	667 671 675 679 683 687 691 695 699 703 707 712 716
182	720 724 728 732 736 740
188	744 748 752 756
192	760 764 768 772 776 780 784 788 792 796 800 804 808 812 816 820 824 828
210	832 836
212	840 844 848 852 856 860 864
219	868 872
221	876 880 884 888 892 896 900 904 908 912 916 920 924 928 932 936 940
238	944 948 952 956 960 964 968 972 976 980
248	984 988
250	992 996 1000 1004 1008 1012 1016 1020 1024 1028 1032 1036 1040 1044 1048 1052 1056
267	1060 1064 1068 1072 1076 1080 1084
274	1088 1092
278	1097 1101 1105 1109 1113 1117 1121
285	1125 1129 1133 1137 1141 1145 1149 1153 1157 1161 1165 1169 1173 1177
299	1181 1185 1189 1193 1197 1201 1205 1209 1213 1217
309	1221 1225 1229 1233 1237 1241 1245 1249 1253
318	1257 1261 1265 1269 1273 1277 1281 1285
326	1289 1293 1297 1301 1305 1309 1313 1317 1321
335	1325 1329 1333 1337 1341 1345
341	1349 1353 1357 1361 1365 1369 1373 1377
349	1381 1385 1389 1393 1397 1401 1405 1409 1413
358	1417 1421 1425 1429 1433 1437 1441 1445 1449 1453
368	1457 1461 1465 1469 1473 1477 1481 1485 1489 1493 1497 1501 1505
381	1509 1513 1517 1521 1525 1529
387	1533 1537 1541 1545
391	1549 1553 1557 1561
395	1565 1569 1573 1577 1581 1585 1589 1593
403	1597 1601 1605
406	1609 1613 1617 1621 1625 1629
412	1633 1637 1641 1645 1649 1653
418	1657 1661 1665 1669
422	1673 1677
424	1681 1685 1689 1693 1697 1701 1705 1709 1713 1717 1721 1725 1729
437	1733 1737 1741 1745 1749 1753 1757 1761
445	1765 1769 1773 1777 1781 1785
451	1789 1793 1797 1801 1805 1809 1813 1817 1821 1825 1829 1833 1837 1841 1845 1849 1853 1857 1861 1865 1869
472	1873
