1.A.1	14 18 22 26 30 34 38 42 46 50 54 58 62 66
1.A.15	70 74 78 82 86 90 94 98 103 107 111 115 119 123 127 132 136
1.B.1	145 149 153 157 161 165 169 173
1.B.9	177 181 185 189 193 197
1.C.1	206 210 214 218 222 226 230 234 238
1.C.10	242 246 250 254 258 262 266 270 274 278 282
1.D.1	291 295 299 303 307 311 315 319 323 327 331
1.E.1	340 344 348 352 356 360 364 368 372 376 380
1.E.12	384 388 392 396 400 404 408 412 416 420 424 428 432 436 440 444
1.E.28	448
1.F.1	457 461 465 469 473 477 481 485 489 493 497 501 505 509
1.G.1	518 522 526 530 534 538 542 546 550 554 558 562 566 570 574 578 582 586 590 594 598 602
1.H.1	611 615 619 623 627 631 635 639 643 647 651 655 659 663 667 671 675 679 683 687 691
1.H.22	695
1.I.1	704 708 712 716 720 724 728 732 736
2.I.1	747 753 757 761 765 769 773
2.I.8	777 781 785 789 793 797 801 805 809 813 817 821 825 829 833 837 841 845 849 853 857
2.I.29	861 865 869 873 877 881 885 889
2.I.37	893 897 901 905 909 913
3.A.1	923 927 931 935 939 943 947 951 955 959 963 967
3.A.13	971 975 979 983 987 991 995
3.B.1	1004 1010 1014 1018 1022
3.C.1	1031 1037 1041 1045 1049 1053 1057 1061 1065
3.D.1	1074 1080 1084 1088 1092 1096 1100 1104 1108 1112 1116
3.E.1	1125 1131 1135 1139 1143 1147 1151
3.F.1	1160 1164 1168 1172 1176 1180 1184 1188 1192 1196 1200 1204 1208 1212 1216 1223 1227 1231 1235
3.F.23	1240 1244 1248 1252 1256 1260 1264 1268 1272 1276 1280 1284 1288 1292 1296
3.F.38	1300 1304 1308 1312
3.F.42	1316 1320 1324 1328 1332
3.F.63	1337 1341 1345 1349 1353 1357 1361 1365 1369 1373 1377 1381 1386 1390 1394 1398
3.F.82	1402 1406 1413 1417 1421
3.F.87	1425 1429 1433 1437 1441 1445 1449 1453 1457 1461 1465 1469 1473
3.F.100	1477 1481 1485 1489 1493 1497 1501 1505 1509 1513 1517 1521 1525 1529 1533 1537
3.F.116	1541 1545 1549 1553 1557 1561 1565 1569 1573 1577 1581 1585 1589 1593 1597
3.F.131	1601 1605 1609 1613
3.F.135	1617 1621 1625 1629 1633 1637 1641 1645
3.F.143	1649 1653 1657 1661 1665 1669 1673 1677 1681 1685 1689
3.F.154	1693 1697 1701 1705 1709 1713 1717 1721 1725 1729 1733 1737 1741 1745
3.F.168	1749 1753 1757 1761 1765
3.F.173	1769 1773
3.G.1	1782 1786 1790 1794 1798
3.H.1	1806 1810 1814 1818 1822 1826 1830 1834 1838
3.H.10	1842 1846 1850 1854 1858 1862 1866 1873 1877 1881 1885 1889 1893 1897 1901 1905 1909 1913 1917 1924 1928 1932 1936
3.H.33	1940 1944 1948 1952 1956 1960 1964 1968 1972
3.I.1	1981 1985 1989 1993 1997 2001 2005
3.I.8	2009 2013 2017
3.J.1	2026 2030 2034 2038 2042 2046 2050 2054 2058 2062 2066
3.K.1	2075 2079
3.K.3	2083 2087 2091 2095 2099 2103 2107 2111 2115 2119
