1	9 13 17 21 25 29 33 37 41 45 49 53 57 61 65 69
17	73 77 81 85 89 93 97 101 105 109 113 117 121 125 129
32	133 139 143 147 151 155 160 164
50	168 172 176 180 184 188 192 196 200 204 208 212 216 220 224 228 232 236
99	241 245 249 253
103	257 261 265 269 273 277 281 285 289 293 297 301 305 309 313 317 321 325 329 333 337 341
125	345 349 353 357 361 365
131	369 373 377 381 385 389 393 397 402 406
145	411 415 419 423 427 431 435 439 443 447 451 455 459 463 467 471 475 479 483
164	487 491 495 499 503 507 511 515 519
173	523 527 531
176	535
177	539 543 547 551 555
182	559
183	563 567 571 575 579 583 587 591 595
192	599 603 607 611 615 619 623 627
200	631
