1	9 13 17 21 25 29 33 37
9	41 45 49 53 57
14	61 65 69 73 77 81 85 89 93 97 101 105 109 113 117 121 125 129 133 137 141 145
36	149 153 157 161 165 169
42	173 177 181 185 189 193 197
49	201 205 209 213 217 221 225 229 233 237 241 245 249 253 257 261 265 269 273 277 281 285 289 293 297
74	301 305 309 313 317 321
80	325 329 333 337 341 345 349 353 357 361 365 369 373 377 381 385 390 394
103	398 402 406 410 414 418 422 426 430 434 438 442 446 450 454
118	458 462 466 470 474 478 482 486
126	490 494 498 502 506 510
132	514 518 522 526 530 534 538 542 546
141	550 554 558 562 566 570 574 578 582 586
151	590 594 598 602 606 610 614 618 622
160	626
