A.1	13 17 21 25 29 33 37 41 45 49 53 57 61 65 69 73 77 81 85 89
A.52	94 98 102 106 110 114 118 122 126 130 134 138 142 146 150 154 158 162 166 170 174
A.81	179 183 187 191 195 199 203 207 211 215
A.91	219 223 227 231 235 239 243 247
A.99	251 255 259 263 267 271 275 279 283 287 291 295 299 303 307 311 315 319 323 327 332 336 340
B.1	349 353 357 361 365 369 373 377 381 385 389 393 397 401
B.15	405 409 413 417
B.19	421 425 429 433 437 441 445 449 453
B.28	457 461 465 469 473 477 481
C.1	490 494 498 502 506 510 514 518 522 526 530 534
C.13	538 542 546 550 554 558 562 566 570
D.1	579 583 587 591 595
D.6	599 603 607 611 615 619
D.12	623 627 631 635 639 643
D.18	647 651 655 659 663 667
D.24	671 675 679 683 687 691 695 699 703 707 711 715 719 723
D.38	727 731 735 739 743 747 751 755 759
D.47	763 767 771 775 779
D.52	783 787 791 795 799 803 807 811
D.60	815 819 823 827 831 835 839
D.67	843 847 851 855 859 863 867 871 875 879 883 887 891 895 899 903 907 911
E.1	920 924 928 932 936 940 944 948 952 956 960 964 968 972
F.1	981 985 989 993 997 1001 1005 1009 1013 1017
G.1	1026 1030 1034 1038 1042 1046 1050 1054 1058 1062 1066
H.1	1075 1079 1083 1087 1091 1095 1099
I.1	1108 1112 1116 1120 1124 1128 1132 1136 1140 1144 1148 1152
I.13	1156 1160 1164 1168 1172 1176 1180 1184 1188 1192 1196 1200 1204 1208 1212 1216
I.30	1221 1225 1229 1233 1237 1241 1245
I.37	1249 1253 1257 1261 1265 1269 1273 1277
I.45	1281 1285 1289 1293 1297 1301 1305 1309 1313 1317 1321 1325 1329 1333
