A.1	11 17 21 25 29 33 37 41
A.9	45 49 53 57 61 65 69 73 77 81
A.18A	88 93 97 101 105 109 113 117
A.26	121 125 129 133 137 141 145 149 153
A.35	159
B.36	169 173
B.38	179
C.39	189 193 197 201 205 209 213 217
C.47	221 225 229 233 237 241 245 249 253
C.56	257 261 265 269 273 277 281 285
C.64	289 293 297 301 305 309 313 317
C.72	323
D.73	333 337
D.75	343
E.76	353 357 361 365 369 373 377 381 385
E.85	389 393 397 401 405 409 413 417 421 425
E.95	429 433 437 441 445 449 456
E.101	461 465 469 473 477 481 485 489 493 497 501
E.112	505 509 513 517 521 525 529 533 537 541 545
E.123	549 553 557 561 565 569 573 577 581 585
E.133	591
F.134	601
F.135	607
G.136	617 621 625 629 633 637 641 645
G.144	649 653 657 661 665 669 673
G.151	677 681 685 689 693 697 701 705 709 713
G.161	717 721 725 729 733 737 741 745
G.169	751
H.170	761
H.171	767
I.172	777 781 785 789 793 797 801
I.179	805 809 813 817 821 825 829 833 837
I.188	841 845 849 853
I.192	857 861 865 869 873
I.197	877 881 885 889 893 897 901
I.204	907
J.205	917
J.206	923
K.207	933 937 941 948 953 957 961 965 969 973 977 981
K.218	985 989 993 997 1001 1005 1009 1013 1017 1021 1025 1029
K.230	1033 1037 1041 1045 1049 1053 1057 1061 1065 1069 1073
K.241	1077 1081 1085 1089 1093 1097 1101 1105 1109
K.250	1115
L.251	1125 1129
L.253	1135
M.254	1145 1149 1153 1157 1161 1165 1169 1173 1177 1181 1185
M.265	1189 1193 1197 1201 1205 1209 1213 1217 1221 1225
M.275	1229 1233 1237 1241 1245 1249 1253 1257 1261 1265 1269
M.286	1273 1277 1281 1285 1289 1293
M.292	1297 1301 1305 1309 1313 1317 1321
M.299	1325 1329 1333 1337 1341 1345 1349 1353 1357 1361 1365
M.310	1369 1373 1377 1381 1385 1389 1393 1397 1401 1405 1409
M.321	1413 1417 1421 1425 1429 1433 1437
M.328	1443
N.329	1453
N.330	1459
O.331	1469 1473 1477 1481 1485 1489 1493 1497 1501 1505 1509
O.342	1513 1517 1521 1525 1529 1533
O.348	1537 1541 1545 1549 1553 1557 1561 1565 1569 1573 1577
O.359	1581 1585 1589 1593 1597 1601 1605 1609 1613 1617
O.369	1621 1625 1629 1633 1637 1641 1645 1649 1653
O.378	1657 1661 1665 1669 1673 1677 1681 1685 1689
O.387	1695
P.388	1705
P.389	1711
Q.390	1721 1725 1729 1733 1737 1741 1745 1749 1753
Q.399	1759
R.400	1769
R.401	1775
S.402	1785 1789 1793 1797 1801 1805 1809 1813 1817
S.411	1821 1825 1829 1833 1837 1841
S.417	1848
T.418	1858
T.419	1864
U.420	1874 1878 1882 1886 1890 1894 1898
U.427	1902 1906 1910 1914 1918 1922 1929 1934 1938 1942 1946 1950
U.438	1956
