1	9 15 19 23 27 31 35 39 43 47 51
12	55 59 63 67 71 75 79 83 87 91 95 99 103 107
26	111 115 119 123 127 131 135 139 143 147 151
37	155 159 163 167 171 175
43	179 183 187 191 195 199 203 207 211 215 219
54	223 227 231 235 239 243 247 251 255 259 263
65	267 271 275 279 283 287
71	291 295 299 303 307 311 315 319 323 327 331 335
83	339 343 347 351 355 359 363 367 371
92	375 379 383 387 391 395 399 403 407 411
102	415 419 423 427 431
107	435 439 443 447 451 455 459 463 467
116	471 475 479 483 487 491 495
123	499 503 507 511 515 519 523
130	527 532 536 540 544 548 552 556 560 564 568 572 576
143	580 584 588 592 596 600 604 608 612 616 620 624 628
156	632 636 640 644 648 652 656 660 664 668 672 676 680
169	684 688 692 696 700 704 708 712 716 720 724
180	728 732 736 740 744 748 752 756 760 764 768 772
192	776 780
