A.1	12 16 20 24 28 32 36
B.1	45 49 53 57 61 65
B.7	69 73 77
B.10	81 85 89 94 98 102
B.16	106 110 114 118 122 126 130 134
C.1	143 147 151 155
C.5	159 163 167 171 175 179 183 187 191
C.14	195 199 203 207 211
D.1	220 224 228 232
D.5	236 240 244 248 252 256 260 264
D.13	268 272 276
D.16	280 284 288 292
D.20	296 300 304
D.23	308 312 316
D.26	320 324 328
D.29	332 336 340 344
D.33	348 352 356 361
D.39	365 369 373 377 381 385 389
D.46	395 402 406 410 417 421 425 432 439 443
D.56	447 451 455 459 463
D.61	467 471
