1.A.A.1	15 19 23 27 31 35 39 43 47 51 55 59 63 67 71 75
1.A.A.17	79 83 87 91 95 99
1.A.A.23	103 107 111 115 119 123 127 131
1.A.A.31	137
1.A.B.32	147
1.A.B.33	153
1.A.C.34	163 167
1.B.D.1	180 184 188 192 196 200 204 208
1.B.D.9	214 218 222 226 230 234 238 242 246 250 254 258 262 266 270 274 278
1.B.D.26	284
1.B.E.27	294
1.B.E.28	300
1.B.F.29	310 314 318
1.B.F.32	324
1.B.F.33	334
2.A.A.1	355 359 363 367 371 375 379
2.A.A.8	383 387 391 396 401 405
2.B.B.1	417 423 427 431 435 439 443 447 451 455 459 463 467
2.B.B.14	473
2.B.C.15	483 487
2.B.C.17	493
2.B.D.18	503
2.B.D.23	510
2.B.D.24	520
