A.1	12 16 20 24 28 32 36 40 44 48
A.11	52 56 60 64 68 72 76 80 84 88 92 96 100 104 108 112 116
B.1	125 129 136 140 144
B.6	148 152 156 160 164 168 175 179 183 187
C.1	196 200 204 208 212 216 220 224 228 232 236 240 244 248
C.15	252 256 260 264 268 272 276 280 284 288 292 296
C.27	300 304 308 312
D.1	321 325 329 333 337
D.6	341 345 349 353
D.10	357 361 365 369
D.14	373 377 381 385
D.18	389 393 397 401
D.22	405 409 413 417 421 425
E.1	434 438 442 446
E.5	450 454 458 462 466
E.10	470 474 478 482 486 490 494 498
E.18	502 506 510 514 518 522 526 530 534
E.27	538 542 546 550 554 558 562 566 570 574
F.1	583 587 591 595 599 603 607 611 615 619 623 627 631
F.14	635 639 643 647 651
F.19	655 659
F.21	663 667
F.23	671 675
F.25	679 683
F.27	687 691
F.29	695 699
F.31	703 707
F.33	711 715
G.1	724 728 732 736 740 744 748 752 756 760 764 768 772 776 780 784 788 792 796 800 804
H.1	813 817 821 825 829 833 837
H.8	841 845 849 853 857 861 865 869 873 877 881 885
H.20	889 893 897 901 905 909 913 917 921 925 929 933 937 941
H.34	945 949 953 957 961 965 969 973
H.42	977 981 985 989 993 997 1001 1005 1009 1013 1017 1021
H.54	1025 1029 1033 1037 1041 1045 1049 1053 1057 1061 1065 1069 1073 1077
H.68	1081 1085 1089 1093 1097 1101 1105 1109
H.76	1113 1117 1121 1125 1129 1133 1137 1141 1145 1149 1153 1157
H.88	1161 1165 1169 1173 1177 1181 1185 1189 1193 1197 1201 1205 1209 1213
H.102	1217 1221 1225 1229 1233 1237 1241 1245
H.110	1249 1253 1257 1261 1265 1269 1273 1277 1281 1285 1289 1293
H.122	1297 1301 1305 1309 1313 1317 1321 1325 1329 1333 1337 1341 1345 1349
H.136	1353 1357 1361 1365 1369 1373 1377 1381
H.144	1385 1389 1393 1397 1401 1405 1409 1413 1417 1421 1425 1429
H.156	1433 1437 1441 1445 1449 1453 1457 1461 1465 1469 1473 1477 1481 1485
H.170	1489 1493 1497 1501 1505 1509 1513 1517 1521
H.179	1525 1529 1533 1537 1541 1545 1549 1553 1557 1561 1565 1569
H.191	1573 1577 1581 1585 1589 1593 1597 1601 1605 1609 1613 1617 1621 1625 1629
H.206	1633 1637 1641 1645 1649 1653 1657 1661 1665 1669 1673 1677
H.218	1681 1685 1689 1693 1697 1701
H.224	1705 1709 1713 1717 1721 1725 1729 1733 1737 1741 1745 1749 1753 1757 1761 1765 1769 1773 1777 1781 1785 1789 1793 1797 1801
H.249	1805 1809 1813 1817 1821 1825 1829 1833
H.257	1837 1841 1845 1849 1853 1857 1861 1865 1869 1873
I.1	1882 1886 1890 1894 1898
I.6	1902 1906 1910 1914 1918
I.11	1922 1926 1930 1934 1938
I.16	1942 1946 1950 1954 1958 1962
I.22	1966 1970 1974 1978 1982 1986
I.28	1990 1994 1998 2002 2006 2010 2014
I.35	2018 2022 2026 2030 2034 2038
I.41	2042 2046 2050 2054 2058 2062
I.47	2066 2070 2074 2078 2082 2086
I.53	2090 2094 2098 2102 2106 2110 2114
I.60	2118 2122 2126 2130 2134
I.65	2138 2142 2146 2150 2154 2158 2162 2166
I.73	2170 2174 2178 2182 2186 2190 2194 2198 2202
I.82	2206 2210 2214 2218 2222 2226 2230
I.89	2234 2238 2242 2246 2250 2254
I.95	2258 2262 2266 2270 2274 2278 2282 2286 2290 2294 2298 2302 2306 2310
I.115	2315 2319 2323 2327 2331 2335 2339 2343 2347 2351 2355
I.126	2359 2363 2367
I.129	2371 2375
I.131	2379 2383 2387 2391 2395 2399 2403 2407 2411 2415 2419 2423
