1	9 15 19 23 27 31 35 39 43 47 51 55
13	59 63 67 71 75 79 83 87 91
22	95 99 103 107 111 115 119
29	123 127 131 135 139 143 147 151 155 159 163 167
41	174 178 182 186 190 197 202 206 210 214 218
51	222 226 230 234 238 244 251 255
57	260 264 268 272 276 280 284 288 292 296 300 304 308
70	312 316 320 325 329 333 337 341 345 349
80	353 357 361 365 369 373
86	377 381 385 389 393 397 401 405 409
95	413 417 424 428 432 436 440
102	444 451 455 459 463 467 471 475 479 483 487 491 495 499
116	503 507 511 515 519 523
122	527 531 535
125	539 543 547 551 555 559 563 567 571 575 579 583
137	587 591 595 599
141	603 607 611 618 622 626 630
148	634 638 642 646 650 654 658 662 666 670
158	674 678 682 686 693 697
164	701 705 709 713
168	717 721 725 729 733 737 744 748 752 756
178	760 765 770 774 778 782 786 790 794 798 802
