1	9 15 19 23 27
6	31 35 39 43 47 51 55 59 66 70 74 78 82 86 90 94
14	99 103 107 111 115 119
20	123 127 131 135 139 143
26	147 151
28	155 159 165 169 176 180
32	185 189 193 197 201
37	205 212 217 221 225
41	229 233 237 241 245 249 253
48	257 261 265 269 273 277 281 285 289
57	293 297 301 305 309 313 317 321
65	325 329 333
68	337 341 345 349 353
73	357 361 365 369 373
78	377 381 385 389 393 397 401
85	405 409 413 417 421
90	425 429 433 437
94	441 445 449 453 457 461 465 469
102	473 477 481 485 489 493
108	497 501 505 509 513 517
114	521 525 529 533 537 541 545 549 553
123	557 561 565 569 573 577
129	581 588 592 597 601 605 609
134	613 617 621 625 629
139	633 637 641 645 649
144	653 657 661 665 669
149	673 677 681 685 689
154	693 697 701 705 709
159	713 717 721 725 729
164	733 737 741 745 749 753 757 761 765
173	769 773 780 784 791 798 802
176	807 811 815 819 823 827 831
183	835 839 843 847 851 855 859
190	863 867 871 875 879
195	883 887 891 895 899 903 907 911 915
204	919 923 927 931 935
209	939 943 947 951 955 959 963 967
217	971 975 979 983 987 994 999 1003 1007 1011
226	1017 1024 1029 1033 1037 1041 1045 1049 1053 1057 1061
236	1065 1069 1073 1077 1081 1085 1089 1093 1097 1101
246	1105 1109 1113 1120 1124 1128 1132 1136
254	1140 1144 1148 1152 1156 1160 1164 1168 1172
263	1176 1180 1184 1188 1192 1196 1200 1204 1208 1212
273	1216 1220 1224 1228 1232 1241 1248 1252 1256
282	1260 1264 1268 1272 1276 1280 1284 1288
290	1292 1296 1300 1304 1308
295	1312 1316 1320 1324 1328 1334 1338 1342 1346 1350 1354 1361 1365 1373 1377 1381
306	1386 1390 1394 1398 1402
311	1406 1410 1414 1418 1422 1426 1430 1434 1438 1445 1450 1454
322	1458 1462 1466 1470 1477 1482 1486 1490
329	1494 1498 1502 1506 1510
334	1514 1518 1522 1526 1530
339	1534 1538 1542 1546 1550
344	1554 1558 1562 1566
348	1570 1574 1578 1582 1586 1590
354	1594 1598 1602 1606 1610
359	1614 1618 1622 1626 1630 1634 1638 1642 1646
368	1650 1654 1658 1662 1666 1670 1674 1678
376	1682 1689 1694 1698 1702 1709 1714 1718 1722 1726
384	1730 1734 1738 1742 1746 1750 1754 1758 1762 1766
394	1770 1774 1778 1782 1786
399	1790 1794 1798 1802 1806
404	1810 1814 1818 1822 1826 1830 1834
411	1838 1842
