A.1	11 18 22 26 30
A.6	34 38 42 46 50 54 58 62
A.14	66 70 74 78 82 86 90 94 98 102 106
A.25	110 114 118 122 126 130 134 138 142 146 150 154 158 162 166
A.40	170 174 178 182 186 190 197 201 205 209 213 217
A.52	221 231 236 240 247 251 255 259 264 268 272 276 280 284 288 292 296 300 304 308 312 316 320
A.70	324 328 332 336 340 344 348
A.77	352 356 360 364 368 372 376 380 384 388 392 396 400 404 408 412 416 420 424 428 432 436 440 444 448 452 456 460 464 468 472 479 483 487 491 495 499
A.114	508 512 516 520 524 528 532 536 540 544 548 552 556 560
A.128	564 568 572 576 580 584 588
A.135	592 596 600 604 608 612 616 620 624 628 632 636 640 644 648 652
A.151	656 660 664 668 672 676 680 684 688 692 696 700
A.163	704 708 712 716 720 724 728
A.170	732 736 740 744 748 752 756 760 764 768 772 776 780 784 788
A.185	792 796 800 804 808 812 816 820 824 828 832 836 840
A.198	844 848 852 856 860 864 868 872
A.206	876 880 884 888 892 896 900 904 908 912 916 920 924 928 932 939
A.222	943 947 951 955 959 963
A.228	967 971 978 985
A.232	992 996 1003 1010
A.236	1014 1018 1025 1032
A.240	1039 1043 1050 1057
A.244	1061 1065 1069 1073 1080
A.249	1084 1088 1092 1096 1100 1104
A.255	1108 1112 1116 1120 1124 1128 1132 1136 1143
A.264	1147 1151 1155 1159 1163 1167 1171 1175 1179 1183
A.274	1187 1191 1195 1199 1203 1207 1211
A.281	1215 1219 1223
B.B1	1231 1237 1241 1245 1249 1253 1257
