1	9 13 17 21
5	25 29 33 37 41 45
11	49 53 57 61 65 69
17	73 77 81
20	85 89 93 97 101 105 109
27	113 117
29	121 125 129 133
33	137 141 145 149
40	154 158 162 166
44	170 174 178 182 186 190
49A	197 201 205 209 213 217 221 225 229 235 239 243 247 251 255
49Q	259 263 267 271 275 279
50	284 288 292 296 300
55	304 308 312 316 320 324 328 332
63	336 340 344 348 352 356
69	360 364 368 372 376 380
75	384 388 392 396 400 404 408 412 416 420 424 428 432
88	436 440 444 448 452 456 460 464 468
97	472 476 480 484 488 492 496 500 504 508 512
108	516 520 524 528 532 536 540 544 548
117	552 556 560 564 568 572 576 580 584 588
126A	595 599 603 607 611 615 619 623 627 631
126L	635 639 643 647 651 655
126R	659 663 667 671 675 679 683 687 691 695 699 703
127	708 712 716 720 724 728 733 737 741 745 749
147	753 757 761 765 769
152	773 777 781 785 789 793 797
159	801 806 810 814
167	818 822 826 830 834 838 842 846 850 854 861
178	866 870 874 878 882 886 890 894
186	898 902
190	907 911 915 919 923 927 931 935
198	939 943 947 951
202	955 959 963 967 971 975 979 983 987
211	991 995 999 1003 1007 1011 1015 1019 1023
220	1027 1031 1035 1039 1043 1047 1051 1055
228	1059 1063 1067
235	1072 1076 1080 1084 1088 1092 1096 1101 1105
247	1109 1113 1117 1121 1125 1129 1136
254	1141 1145 1149 1153 1157 1161 1165 1169 1173 1177
264	1181 1185 1189 1193 1197 1201 1205 1209
272	1213 1217 1221 1225 1229 1233 1237 1241 1245
281	1249
