1	9 15 19 23 27 31 35 39
9	43 47 51 55 59 63 67
16	71 75 79 83 87 91 95 99 103 107
26	111 115 119 123 127 131 135 139
34	143 147 151 155 159 163 167
41	171 175 179 183 187 191 195 199 203 207 211 215
53	219 223 227 231 235 239 243 247 251 255 259 263 267 271
67	275 279 283 287 291 295 299 303 307
76	311 315 319 323 327 331 335 339
91	344 348 352 356 360 364 368
98	372 376 380 384 388 392 396
105	400 404 408 412 416 420 424
112	428 432 436
115	440 444 448 452 456 460 464 468 472 476 480 485
127	489 493 497 501 505 509 513 517 521 525 529 533 537 541 545
142	549
