1.1	11 17 21 25 29 33 37 41 45 49 53 57 61 65 69 73 77 81 85 89 93 97 101 105 109 113
1.27	117 121 125 129 133 137 141 145 149
1.36	153 157 161 165 169 173 177 181 185 189 193
1.47	197 201 205 209 216 223 227 231 235 239 243 247 251 255 259 263 267 271 275 279 283 287 291
1.70	295 299 303 307 311 315 319 323 327
1.79	331 335 342 346 350 354 358 362 366 370 374 378
1.91	382 386 390 394 398 402 406 410 414 418 422 426 430 434 438 442 446 450 454 458 462 466 470
1.114	474 478 482 486 490 494 498 502 506
1.123	510 514 518 522 526 530 534 538 542 546 550 557 561
1.136	565 572 576 580 584 588 592 596 600 607 611 618 622 626 630
1.151	634 638 645 650 654 658 662 666 670 674 678 682 686 690 697 702 709
1.166	716 720 724 728 732 736 740 744 748 755
1.176	762 771 778 782 786 790 797 801
1.184	808 812 816 820 827 831 835 839 843 847 851 855 859 863 867
1.199	871 875 879 883 887 891
1.205	895 899 903 907 911 918 922 926 930 934 938 942 946 950 954 958
1.221	962 966 970 974 978 982 986 990 994
1.230	998 1002 1006 1010 1014 1018 1022 1026
1.238	1030 1034 1038 1042 1046
1.243	1050 1054 1058 1062 1066 1070 1074 1078 1082 1086 1090
1.254	1094 1098 1102 1106 1110 1114 1118 1122 1126 1130 1134 1138 1142 1146
1.268	1150 1154 1158 1162 1166 1170 1174 1178 1182 1186 1190 1194
1.286	1199 1203 1210 1214 1218 1222 1227 1231 1235 1239 1243 1247 1254 1258 1263 1270 1274 1278 1282 1286 1290 1294 1298 1302
2.1	1310 1314 1318 1322 1326 1330 1334
2.8	1338 1342 1346 1350 1354 1358 1362 1366 1370 1374 1378 1382
2.20	1386 1390 1394 1398 1402 1406 1410 1414 1418
3.A.1	1428 1432 1436 1440 1444 1448 1452 1456 1460
3.B.1	1469 1473 1477 1481 1485 1489 1493 1497 1501 1505 1509
4.1	1519 1523 1527 1531 1535 1539 1543 1547 1551 1555
4.11	1559 1563 1567 1571 1575 1579
4.17	1583
5.A.1	1593 1597 1601 1605 1609 1613 1617 1621 1625
5.A.10	1629 1633 1637 1641 1645 1649 1653
5.A.17	1657 1661 1665 1669 1673 1677 1681 1685
5.B.1	1694 1698 1702 1706 1710 1714 1718 1722 1726 1730 1734 1741 1746 1750 1754 1758 1762 1766 1770 1774 1778 1782 1786 1790 1794 1798
5.B.29	1803 1807 1811 1815 1819 1823 1827 1831 1835 1839 1843 1847 1851 1855 1859 1863 1867 1871 1875 1879 1883 1887 1891
5.B.52	1895 1899 1903 1907 1911 1915 1919 1923 1927 1931 1935 1939 1943 1947 1951 1955 1959
5.B.69	1963 1967 1971
