A.A.1	15 19 23
A.A.4	27 31 35 39 43
A.A.9	47 51 55 59 63 67
A.A.15	71 75 79 83 87 91
A.A.21	95 99 103 107 111 115 119
B.A.1	132 138 142 146 150 154 158 162
C.B.1	175 181 185 189 193 197 201 205 209
D.B.1	222 228 232 236 240 244 248 252 256
D.B.10	260 264 268 272 276 280 284 288 292 296 300
D.B.21	304 308 312 316 320 324 328 332 336 340 344 348 352
E.B.1	365 371 375 379 383 387 391
E.B.8	397
E.C.9	407
E.C.10	413
E.D.11	423 427 431 435 439 443 447 451 455 459
E.D.21	463 467 471 475 479 483 487 491 495 499 503
E.D.32	507 511 515 519 523 527 531 535 539
E.D.41	545
E.E.42	555
E.E.43	561
E.F.44	571 575 579 583 587 591 595
E.F.51	599 603 607 611 615 619 623 627 631 635 639 643 647 651 655
E.F.66	659 663 667 671 675 679 683 687 691
E.F.75	697
E.G.76	707
E.G.77	713
E.H.78	723 727 731 735 739 743 747 751 755 759 763
E.H.89	767 772 776 780 784 788 792 796 800 804 808
E.H.100	812 816 820 824 828 832 836 840 844 848 852 856
E.H.112	862
E.I.113	872
E.I.114	878
E.J.115	888 892 896 900 904 908 912 916 920 924 929 933 937 941 945 949 953 957 961
F.K.1	974 980 984 988 992
G.L.1	1005 1011 1015 1019 1023
H.M.1	1036 1042 1046 1050 1054 1058 1062 1066
H.M.9	1070 1074 1078 1082 1086 1090 1094 1098 1102 1106 1110
H.M.20	1114 1118 1122 1126 1130 1134 1138 1142
H.M.28	1146 1150 1154 1158 1162 1166 1170 1174 1178 1182 1186
H.M.39	1192
