A.1	11 17 21 25 29 33 37 41 45
A.10	49 53 57 61 65 69 73 77 84 88 92
A.21	98
B.22	108 112 119 123 127 131 135 139 143
B.31	147 151 155 159 163 167 171 175 179 183 187 191 195
B.44	201
C.45	211 215 219 223 227 231 235 239 243 247 251 255 259
C.58	265
D.58A	278 282 286 290 294 298 302 306 310 314 318 322 326 330 334 338 342
D.58R	348
E.59	359 363 367 371 375 379 383 387 394 398 402 406 413 417 421
E.74	427
F.75	437 441 445 449 453 457 461 465 469 473 477 481
F.87	487
G.88	497 503 507 511 515 522 526 530 534 544 552 559 563 570 574 578
G.103	584
H.103A	597 601 605 609 613 617 621 625 629 633 637
H.103L	643
I.104	654 658 662 666 670 674 678 682 686 690 694 698
I.116	702 706 710 717 724 728 732 736 740 744 748
I.127	754
J.128	764 768 772 776 780 784
J.134	790
