1	9 15 19 23 27 31 35 39 43 47 51
12	55 59 63 67 71 75 79
19	83 87 91 95 99 103 107
26	111 115 119 123 127 131 135
33	139 143 147 151 155 159 163 167 171 175 180
45	184 188 192 196 200
50	204 208 212 216 220 224 228 232 236 240 244
61	248 252 256 260 264 268 272 276
69	280 284 288 292 296 300 304 308 312 316 320 325
89	329 333 337 341 345 349 353 357 361 365 369 373 377 381 385 389
105	393 397 401 405 409 413 417
112	421 425 429 433 437 441 445 449 453
121	457 461 466 470 474 478 482 486 490 494 498 502
144	506 510 514 518 522 526 530 534 538
153	542 546 550 554
157	558 562 566 570 574 578 582
164	586 590 594 598 603 607
172	611 615 619 623 627 631 635 639 643 647 651 655 659
185	663 667 671 675
189	679 683 687 691 695 699 703 707 711 715 719
200	723 727 731 735 740 744 748 752 756 760 764 768 772 776 780
216	784 788 792 796 800 804 808 812 816
225	820 824 828 832 836 840 844 848 852 856 860
236	864 868 872 876 880 884 888 892 896 900 904 908
248	912 916 920 924 928 932 936 940 944 948 952
259	956 960 964 968 972
264	976 980 984 988 992 996 1000 1004 1008 1012
274	1016 1020 1024 1028 1032 1036 1040 1044 1048
283	1052 1056 1060 1064 1068
288	1072 1076 1080 1084 1088 1092 1096 1100 1104
297	1108 1112 1116 1120 1124 1128 1132
304	1136 1140 1144 1148 1152 1156
310	1160 1164 1168 1172 1176 1180
316	1184 1188 1192
