1.A.1	13
1.A.2	17
1.A.3	21
1.A.4	25
1.A.5	29
1.A.6	33
1.A.7	37
1.A.8	43
1.A.9	49
1.A.10	55
1.A.11	59
1.B.1	68 72
1.B.3	76
1.B.4	82
1.B.5	88
1.B.6	94
1.B.7	98
1.B.8	104 110
1.B.10	114
1.B.11	120 126
2.A.1	138
2.A.2	142 146
2.A.4	150 154 158
2.A.7	162 166
2.A.9	170 174
2.A.11	178 182
2.A.13	186
2.B.1	195
2.B.2	199 203 207 211 215
2.B.7	219 223
3.1	233
3.2	237 241 245
3.5	249
3.6	253 257
3.8	261
3.9	265
3.10	269 273
3.12	277
3.13	281 285
3.15	289 293
3.17	297 301 305
3.20	309 313
4.A.1	323
4.A.2	327
4.A.3	331
4.A.4	335
4.A.5	339
4.A.6	343
4.A.7	347 353
4.A.9	357 363
4.A.11	367 373
4.A.13	377 383
4.B.1	392
4.B.2	398
4.B.3	404 410 414
4.B.6	418
4.B.7	426
5.A.1	438
5.A.2	444
5.A.3	450
5.A.4	454 458
5.B.1	467 471
5.B.3	475
5.B.4	479
5.B.5	485
5.B.6	489
5.B.7	493 497
6.1	507 513
6.3	517
6.4	523 529
6.6	533
6.7	537
6.8	543 547
6.10	551 555
6.12	559
7.1	567 573
7.3	577 583
7.5	587
7.6	593 599
7.8	603 609 613
7.11	617
8.1	627 631
8.3	635 639 643 647 651
9.1	659
9.2	663 667
9.4	671 675
9.6	679 685
10.A.1	695 701 705
10.B.1	714 718 722
11.1	732 736
11.3	740 744 748
12.1	756 760 764 768 772
13.1	780 784 788
14.1	796 800 804
15.1	812 816 820
16.1	828 834 838
17.1	846 852 856
18.1	864 868 872
19.1	880 884
20.1	892 896
21.1	904 910
22.1	918 922
23.1	930 934
24.1	942 948
25.1	956 962
26.1	970 974
27.1	982 986
28.1	994 1000
29.1	1008 1014
30.1	1022
31.1	1030
32.1	1038
33.1	1048
34.1	1058
35.1	1068
36.1	1078
37.1	1086
38.1	1094
39.1	1102
40.1	1110
41.1	1120
42.1	1128
43.1	1138
