1	9 15 19 23 27 31 35 39 43 47 51
12	55 59 63 67 71 75 79 83 87 91 95 99 103 107 111
27	115 119 123 127 131
32	135 139 146 150 154 158 162 166
40	170 174 178 182 186 190 194 198
48	202 206 210 214 218 222 226
55	230 234 238 242 246 250 254
62	258 262 266 270 274 278 282 286 290 294 298 302 306
75	310 314 318 322 326 330 334 338
83	342 346 350 354 358 362 366 370 374 378 382 386
95	393 397 401 405 409 413 417 421 425 429 433
106	437 441 445 449 453 457 461 465 469 473 477
117	481 485 489 493 497
