A.1	11 17 21 25 29 33 37 41 45
A.10	49 53 57 61 65 69 73 77
A.18	81 85 89 93 97 101 105
A.25	109 113 117 121 125 129 133 137 141 145
A.35	149 153 157 161 165 169 173 177 181 185 189
A.46	193 197 201 205 209 213 217 221 225 229 233
A.57	237 241 245 249 253 257 261
A.64	265 269 273 277 281
A.69	285 289 293 297 301 305
A.75	309 313 317 321 325 329 333 337 341 345 349 353 357 361 365 369 373
A.97	378 382 386 390 394 398 402 406 410
A.106	414 418 422 426 430 434 438
A.113	442 446 450 454 458 462 466
A.120	470 474 478 482 486 490 494 498 502 506
A.130	510 514 518 522 526 530 534
A.137	538 542 546 550 554 558 562
A.144	568
A.145	578 582
