1	9 15 19 23 27 31 35 39 43 47 51 55 59
14	63
15	67 71 78 82
19	86 90
21	97
22	101 105 109 113 117 121
28	125 129 134 138
32	142 146 150
35	154 158 162 166
39	170 177 181
42	185 189
44	193 197 201
47	205
48	209
49	213
50	217
51	221 228
53	232
54	236 240 244 255
58	259 263
60	267
61	271 275
63	279 286
65	290 297
67	301
68	310 314 318 322 326
73	330 334 338
76	342 346 350 354 358 362 366 373
83	378 382 386 390 394 398 402 406 410
92	414 418
94	422 426 430
97	434 438 442 446
101	450 454
103	458 462 466
106	470 477 481
109	485
110	489
111	493 497 501 505
115	509 513 517
118	521
119	525 529 533 537 541
124	545 549
126	553
127	557
128	561 565 569
131	573 577 581
134	585 589 593 597 601 605 609 613 617
143	621 625 629
146	633 637 641 645 649 653 657 664
153	669
154	673 677 681 685 692 696 700 704 708 712 719 723 728
165	732 736 740
168	744 748
170	752 756
172	760 764 768
175	772 776
177	780
178	784 788 792
181	796 800
183	804 808 812 816 820 824
189	828 832 836 840
193	844 848 852 856 860 864 868 875 879 884 888
202	892 896
204	900 904 908 912
208	916 920 924 931 935
213	939 943
215	947
216	951 955
218	959 963
220	967
221	971
222	975 979 983 987 992 996 1000 1004 1008 1012 1016 1020 1024
235	1031 1040 1044 1053 1057 1061 1065
242	1069 1073 1077
245	1081
246	1085 1089
248	1094 1098
250	1102 1106
252	1110 1114
254	1118
255	1122 1126 1130 1134 1138 1142
261	1146
262	1150 1154
264	1158
265	1162
266	1168 1175 1180 1184 1188 1192 1196
272	1200 1206 1213
274	1218 1222 1226
277	1230
278	1234 1238 1242
