A.1	11 17 21 25 29 33 37 41 45
A.10	49 53 57 61 65 69 73 77 81 85 89 93
A.22	97 101 105 109
A.26	113 117 121 125 129 133
A.32	137 141 145 149 153 157 161 165 169 173 177 181 185 189 193 197
A.48	201 205 209 213 217 221 225 229 233 237 241 245
A.60	249 253 257 261 265 269 273 280
A.67	285 289 296 300 305 309 313
A.72	317 321 325 329 336 340 344
A.79	348 355 359 364 371 375 379 383 387 391 395 399 403
A.90	407 411 415 419 423 427 431 435 439 443 447 451
A.102	455 459 463 467 471
A.107	478 482 486 490 494 498 502 506 510 514 518 522 527
A.121	531 535 539 543 547 551 555 559 563
A.130	567 571 575 579 583 587 591 595 599 603 607 611 615 620 624 628 632 636 640 644 648
A.167	652 656 660 664 668 672 676 680 684 688 692 696 701 705 710 714 718 722 726 730 734 738 742 746 750 754 758 762 766 770 774 778 782 786 790
B.1	799 803 807 811 815 819 823 827 831
