1.1	11 17 21 25 29 33 37 41 45
1.10	49 53 57 61 65 69 73 77 81 85 89 93 97 101 110
1.25	114 118 122 126 130 134 138 142 146 150 157 161 165 169 173
1.40	177 181 185 192 199 203 207 211 215 219 226 230 237 241 245 249 253
1.57	260 264 268 272 276 280 284 288 295
1.66	299 303 307 311 315 319 323 327 336 340 344
1.77	348 352 356 360 364 368
1.83	372 376 380 387 391 398 402 407 411 418 427 434 438 445
1.94	450 454 458 462 466 470
1.100	474 478 482 486 490 494 498 502 506 510 514 518 522 526 530 534 538 542 546 550
1.120	554 558 562 569 573 577 581 585 592 599 603 607 611 615 619 623 627 632 636 640 644 648 652 656 660 664 668 672 676
1.149	685 689 693 697 701 705 709 713 720 724 728 732 736 740 744 748 752 756 760 767 774 778 785 789 796 803 807
1.176	811 815 819 823 827 831 835 839 843 847 851 855 859 863 867 871 875
1.193	879 883 887 891 895 899 903 907 911 920 924 928 932 936 940 944 948
1.210	952 959 966 970 974 978 982 986 990 994 998 1002
1.222	1006 1010 1014 1018 1022 1026 1030 1034 1038 1042 1046 1050 1054 1058 1062 1066 1075 1084 1088 1092 1099 1103 1107
1.245	1111 1115 1119 1123 1127 1131 1135 1139 1143 1147 1154
1.256	1158 1162 1169 1173 1177 1181 1185 1189 1193 1197 1201 1205 1209 1213 1220 1224
1.272	1228 1232 1236 1240 1244 1248 1252 1256 1260
1.281	1264
2.A.1	1275 1279 1283 1287 1291
2.B.1	1300 1304 1308
2.C.1	1317
2.C.2	1321 1325 1329 1333 1337 1341 1345 1349 1353 1357 1364 1369 1376 1383
2.D.1	1392 1396 1400
2.E.1	1409 1413 1417 1421
2.F.1	1430 1434 1438 1442
2.F.5	1446 1450 1454
