1.1	11 15 19 23 27 31 35
1.8	39 43 47 51 55 59 63
1.15	67 71 75 79 83 87 91
1.22	95 99 103 107 111 115 119 123 127
1.31	131 135 139 143 147 151 155 159 163 167 171 175 179 183 187 191 195 199 203 207 211
1.52	215 219 223 227 231 235 239 243 247 251 255 259 263 267 271 275 279 283 287 291 295 299 303 307
1.76	311 315 319 323 327 331 335 339 343 347 351 355
1.88	359 363 367 371
1.92	375 379 383 387 391
1.97	395 399 403 407 411
1.102	415 419 423 427 434 438 442
1.106	447 451 455 459
1.110	463 467 471 475
1.114	479 483 487 491 495 499 503 507 511
1.123	518 522 526 530 534 538
1.129	542 546 550
1.132	554 558 562 566 570 574 578 582 586 590 594 598 602
1.145	606 610 614 618 622 626 630 634 638 642
1.155	646 650 654 658 662 666 670 674 678 682 686
1.166	690 694 698 702 706 710 714 718 722 726 730 734 738 742 746 750 754 758 762 766 770
1.187	774 778 782 786 790 794 798 802 806 810 814
1.198	818 822 826 830 834 838 845 849 853 857 861 865 869 873 877 884 891 895 902
1.217	909 913 917 921 925 929 933 937 941 945 949 953 957 961 965 969 973
1.234	977 981 985 991 998 1005 1012 1017 1021 1025 1029
2.A.1	1040 1044 1048 1052
2.A.5	1056 1060 1064 1068 1072 1076 1080
2.A.12	1084 1088 1092 1096 1100 1104 1108 1112
2.B.1	1121 1125 1129 1133 1137 1141 1145 1149 1153 1157 1161 1165 1169
2.B.14	1173 1177 1181 1185 1189 1193 1197 1201 1205
2.C.1	1214 1218 1222 1226 1230 1234 1238 1242 1246 1250
2.C.11	1254 1258 1262 1266 1270 1274 1278 1282 1286 1290
2.C.21	1294 1298 1302 1306
2.C.25	1310 1314 1318 1322
2.C.29	1326 1330 1334 1338
2.C.33	1342 1346 1350 1354 1358
2.C.38	1362 1366 1370 1374
2.C.42	1378 1382 1386 1390
2.C.46	1394 1398 1402 1406 1410
2.C.51	1414 1418 1422 1426 1430 1434
2.C.57	1438 1442 1446 1450
2.C.61	1454 1458 1462
2.C.64	1466 1470 1474 1478 1482 1486 1490 1494 1498
2.C.73	1502 1506 1510 1514 1518 1522 1526 1530 1534 1538 1542 1546 1550 1554 1558 1562
2.D.1	1571 1575 1579 1583 1587 1591 1595 1599 1603 1607 1611
2.D.12	1615 1619 1623 1627 1631 1635 1639 1643 1647
