A.1	11 17 21 25 29 33 37 41 45 49 53 57 61 65 69 73 77 81 85 89 93 97 101
A.24	105 109 113 117 121 125 129 133 137 141 145 149 153 157 161 165 169 173 177
A.43	181 185 189 193 197 201 205 209 213 217
A.53	221 225 229 233 237 241 245 249 253 257 261 265 269 273 277 281 285 289 293 297 301 305 309
A.76	313 317 321 325 329 333 337 341 345 349 353 357 361 365
A.90	369 373 377 381 385 389 393 397 401 405
A.100	409 413 417 421 425 429 433 437 441 445 449 453
A.112	457 461 465 469 473 477 481 485 489 493 497 501 505 509 513 517 521 525 529 533 537
A.133	541 545 549 553 557 561 565 569 573 577 581 585 589 593 597 601 605 609 613 617 621 625 629 633 637 641 645
A.160	649 653 657 661 665 669 673 677 681 685 689 693 697 701 705 709 713 717 721 725 729 733 737
A.183	741 745 749 753 757 761 765 769 773 777 781 785 789
A.196	793 797 801 808
A.200	812 816 820 824 828 832 836 840 844 848 852 856 860 864 868 872 876 880 884 888 892 896 900 904
A.224	908 912 916 920 924 928 932 936 940 944 948 952
A.236	956 960 964 968 972 976 980 984 988 992 996 1000 1005 1009 1013
A.251	1017 1021 1025 1029 1033 1037
A.257	1041 1045 1049 1053 1057 1061 1067 1074 1079 1083 1087 1091 1095 1099 1103 1107 1111 1115
A.274	1119 1123 1127 1131 1135 1139 1143 1147 1151 1155 1159 1163 1167 1171 1175 1179 1183 1187 1191 1195 1199 1203 1207
A.297	1211 1215 1219 1223 1227 1231 1235 1239 1243 1247 1251 1255 1259 1263 1267 1271 1275 1279 1283
A.316	1287 1291 1295 1299 1303 1307 1311 1315 1319 1323 1327 1331 1335 1339
A.330	1343 1347 1351 1355 1359 1363 1367 1371 1375 1379 1383 1387 1391 1395 1399 1403 1407 1411 1415 1419 1423 1427 1431 1435 1439
A.355	1443 1447 1451 1455
A.359	1459 1463 1468 1472 1476 1480 1484 1488 1492 1496 1500 1505 1509 1513 1517 1521 1528 1533 1537
A.378	1541 1545 1549 1553 1557 1561
A.384	1565 1569 1573 1577 1581 1585 1589 1593 1597 1601
A.394	1605 1609 1613 1617 1621 1625
A.400	1629 1633 1637 1641 1645 1649 1653 1657 1661 1665 1669 1673 1677 1681 1685 1689 1693 1697 1701 1705
B.1	1714 1718 1722 1726 1730 1734 1738 1742 1746 1750 1754 1758 1762 1766 1770 1774 1778 1782 1786 1790 1794 1798 1802 1806
C.1	1815 1819 1823 1827 1831 1835 1839 1843 1847 1851 1855 1859 1863
D.1	1872 1876 1880 1884 1888 1892 1896 1900 1904 1908 1912 1916 1920 1924 1928 1932 1936
