1	9 15 19 23 27 31
7	35 39 43 47 51 55 59 63 67 71 75 79 83
20	87 91 95 99 103 107 111 115 119 126 131 135 139 143 147
34	151 155 159 163 170 174 179 183 187
41	191 195 199 203 207 211 215 219 223 227 231
52	235 239 243 247 251
57	255 259 263 267 271 278 283
63	287 291 295 299
67	303 307 311 315 319 323 327 331 335
76	339 343 347 351
80	355 359 363 367 371 375 379 383 387 391 395
91	399 403 407 411 415 419 423 427 431 435 439 443 447
104	451 455 459 463 467
109	471 475 479 483 487 491 495 499
117	503 507 511 515 519
122	523 527 531 535 539
127	543 547 551 555 559
132	563 567 571 575 579 583 587
139	591 595 599
142	603 607 611 615 619 623 627 631 635
151	639 643 647 651 655 659 663 667
159	671 675 679 683
163	687 691 695 699 703 707 711 715 719 723 727
174	731 735 739 743 747 754
179	759 763 767 771 775 779 783
186	790 794 798 802 806 810 815 820
194	824 828 832
