1	9 15 19 23 27 31
7	35 39 43
10	47 51 55 59 63 67 71 75 79 83 87 91 95
23	99 103
25	107 111 115 119 123 127 131 135
33	139 143 147 151
37	155 159 163 167
41	171 175 179 183
45	187 191 195 199
49	203 207 211 215
53	219 223 227 231 235 239
59	243 247 251
62	255 259 263
65	267 271 275 279 283
70	287 291 295 299 303 307 311 315 319 323
80	327 331 335
83	339 343 347 351 355 359
89	363 367 371 375 379 383 387
96	391 395 399 403
100	407 411 415 419
104	423 427 431 435
108	439 443 447 451
112	455 459 463 467
116	471 475 479 483 487
121	491 495 499 503 507 511
127	515 519 523 527
131	531 535 539 543 547 551 555
138	559 563 567 571 575 579
144	583 587 591 595 599 603 607 611
152	615 619 623 627 631 635 639 643
160	647 651 655 659 663 667
166	671 675 679 683 687
171	691 695 699 703 707
176	711 715 719 723 727 731
182	735 739
184	743
