1	9 15 19 23 27 31 35
8	39 43 47 51 55 59 63 67
16	71 75 79 83 87 91 95 99
24	103
25	107 111 115 119 123 127 131 135 139
34	143 147 151 155
38	159
39	163 167 171 175 179 183 187 191
47	195
48	199 203 207 211 215 219 223 227 231
57	235 239 243
60	247
61	251 255 259 263 267 271 275 279
69	283 287 291 295 299 303 307
76	311
77	315 319 323 327 331 335 339 343 347
86	351
87	355 359 363 367 371 375 379 383 387
96	391 395 399 403
100	407
101	411 415 419 423 427 431 435 439
109	443 447 451 455 459 463 467 471 475
118	479
119	483 487 491 495 499 503 507 511 515 519
129	523 527 531 535 539
134	543
135	547 551 555 559 563
140	567 571 575 579 583 587
146	591
147	595 599 603 607 611 615 619 623 627 631
157	635
158	639 643 647 651 655 659 663 667 671 675
168	679
169	683 687 691 695 699 703 707 711 715
178	719
179	723 727 731 735 739 743 747
186	751
187	755 759 763 767 771 775 779 783 787 791
197	795
198	799 803 807 811 815 819
204	823 827 831 835 839
209	843
210	847 851 855 859 863 867 871 875 879 883
220	887
221	891 895 899 903 907 911 915 919
229	923
230	927 931 935 939 943 947
236	951 955 959
239	963
240	967 971 975 979 983 987 991 995 999
249	1003 1007 1011 1015 1019 1023
255	1027 1031 1035 1039 1043 1047 1051
262	1055
263	1059 1063 1067 1071 1075 1079 1083 1087
271	1091
272	1095 1099 1103 1107 1111 1115 1119 1123 1127 1131
282	1135
283	1139 1143 1147 1151 1155 1159 1163 1167 1171 1175
293	1179
294	1183 1187 1191 1195 1199 1203 1207 1211
302	1215
303	1219 1223 1227 1231 1235 1239 1243 1247
311	1251 1255 1259
314	1263
315	1267 1271 1275 1279 1283 1287
321	1291 1295 1299 1303 1307 1311
327	1315
328	1319 1323 1327 1331 1335 1339 1343 1347 1351 1355 1359 1363 1367 1371 1375 1380
346	1384 1388 1392 1396 1400
351	1404
352	1408 1412 1416 1420 1424 1429 1434
362	1438
365	1443 1447 1451 1455 1459 1463 1467 1471 1475 1479 1483 1487 1491
378	1495
379	1499 1503 1507 1511 1515 1519 1523 1527 1531 1535 1539 1543 1547
392	1551 1555 1559
395	1563
396	1567 1571 1575 1579 1583 1587 1591 1595 1599 1603
406	1607
407	1611 1615 1619 1623 1627 1631 1636
415	1640
416	1644 1648 1652 1656 1660 1664 1668 1672
424	1676
425	1680 1684 1688 1692 1696 1700 1704 1708 1712 1716 1720
436	1724 1728 1732 1736 1740 1744 1748 1752 1756 1760 1764
447	1768
448	1772 1776 1780 1784 1788 1792 1796 1800
456	1804
457	1808 1812 1816 1820 1824 1828 1832 1836 1840 1844
467	1848
468	1852 1856 1860 1864 1868 1872 1876 1880 1884 1888
478	1892
479	1896 1900 1904 1908 1912 1916 1920 1924 1928 1932
489	1936 1940 1944 1948
493	1952
494	1956 1960 1964 1968 1972 1976
500	1980 1984 1988 1992 1996 2000
506	2004
507	2008 2012 2016 2020 2024 2028 2032
514	2036 2040 2044 2048 2052
519	2056
520	2060 2064 2068 2072
524	2076 2080 2084 2088
528	2092
529	2096 2100 2104 2108 2112 2116
535	2120 2124 2128 2132 2136 2140 2144 2148
543	2152 2156
545	2160
