1	9 15 19 23 27 31 35 39
9	43 47
11	51 55 59 63 67 71 75 79 83
20	87 91
22	95 99 103 107 111 115 119 123 127 131 135 139 143 147 151
37	155 159
39	163 167 171 175 179
44	183 187 191 195 199 203 207 211 215 219 223 227
56	231 235
58	239 243 247 251 255 259 263 267
66	271 275 279 283 287 291 295 299 303 307 311
77	315 319
79	323 327 331 335 339 343 347 351 355
88	359 363 367 371 375
93	379 383
95	387 391 395 399 403 407 411 415 419 423 427 431
107	435 439
109	443 447 451 455 459 463 467
116	471 475
118	479 483 487 491 495 499 503 507
126	511 515
128	519 523 527 531 535 539 543 547 551 556 560 564 568 572 576
144	580 584
146	588 592 596 600 604 608 612 616 620 624 628 632 636
159	640 644
161	648 652 656 660 664 669 673 677 681 685
191	689 693
193	697 701 705 709 713 717 721 725 729 733 737 741
205	745 749
207	753 757 761 765 769 773 777 781 785 789
